707 707
-2174 326
-3606 1394
-4326 674
-4670 330
-4836 164
-4918 82
-4957 43
-4981 19
-4991 9
-4995 5
-4997 3
-4999 1
-5000 0
-4998 2
-4996 4
-4993 7
-4994 6
-4992 8
-4985 15
-4988 12
-4989 11
-4990 10
-4986 14
-4987 13
-4983 17
-4984 16
-4982 18
-4967 33
-4973 27
-4977 23
-4979 21
-4980 20
-4978 22
-4975 25
-4976 24
-4974 26
-4971 29
-4972 28
-4969 31
-4970 30
-4968 32
-4961 39
-4964 36
-4965 35
-4966 34
-4962 38
-4963 37
-4959 41
-4960 40
-4958 42
-4938 62
-4946 54
-4950 50
-4954 46
-4955 45
-4956 44
-4952 48
-4953 47
-4951 49
-4948 52
-4949 51
-4947 53
-4941 59
-4944 56
-4945 55
-4943 57
-4942 58
-4939 61
-4940 60
-4928 72
-4935 65
-4936 64
-4937 63
-4931 69
-4933 67
-4934 66
-4932 68
-4929 71
-4930 70
-4922 78
-4926 74
-4927 73
-4924 76
-4925 75
-4923 77
-4920 80
-4921 79
-4919 81
-4879 121
-4899 101
-4909 91
-4913 87
-4915 85
-4916 84
-4917 83
-4914 86
-4911 89
-4912 88
-4910 90
-4902 98
-4905 95
-4907 93
-4908 92
-4906 94
-4904 96
-4903 97
-4900 100
-4901 99
-4890 110
-4893 107
-4896 104
-4897 103
-4898 102
-4894 106
-4895 105
-4891 109
-4892 108
-4882 118
-4886 114
-4888 112
-4889 111
-4887 113
-4884 116
-4885 115
-4883 117
-4881 119
-4880 120
-4856 144
-4867 133
-4872 128
-4875 125
-4877 123
-4878 122
-4876 124
-4873 127
-4874 126
-4870 130
-4871 129
-4869 131
-4868 132
-4860 140
-4864 136
-4865 135
-4866 134
-4862 138
-4863 137
-4861 139
-4858 142
-4859 141
-4857 143
-4846 154
-4850 150
-4853 147
-4854 146
-4855 145
-4851 149
-4852 148
-4848 152
-4849 151
-4847 153
-4839 161
-4842 158
-4844 156
-4845 155
-4843 157
-4840 160
-4841 159
-4837 163
-4838 162
-4753 247
-4792 208
-4815 185
-4825 175
-4828 172
-4832 168
-4834 166
-4835 165
-4833 167
-4830 170
-4831 169
-4829 171
-4826 174
-4827 173
-4818 182
-4821 179
-4823 177
-4824 176
-4822 178
-4819 181
-4820 180
-4816 184
-4817 183
-4805 195
-4811 189
-4813 187
-4814 186
-4812 188
-4809 191
-4810 190
-4807 193
-4808 192
-4806 194
-4797 203
-4801 199
-4803 197
-4804 196
-4802 198
-4799 201
-4800 200
-4798 202
-4795 205
-4796 204
-4793 207
-4794 206
-4773 227
-4784 216
-4787 213
-4790 210
-4791 209
-4789 211
-4788 212
-4785 215
-4786 214
-4776 224
-4780 220
-4782 218
-4783 217
-4781 219
-4778 222
-4779 221
-4777 223
-4774 226
-4775 225
-4764 236
-4768 232
-4771 229
-4772 228
-4770 230
-4769 231
-4766 234
-4767 233
-4765 235
-4757 243
-4761 239
-4762 238
-4763 237
-4759 241
-4760 240
-4758 242
-4755 245
-4756 244
-4754 246
-4712 288
-4734 266
-4744 256
-4749 251
-4751 249
-4752 248
-4750 250
-4747 253
-4748 252
-4745 255
-4746 254
-4741 259
-4743 257
-4742 258
-4737 263
-4739 261
-4740 260
-4738 262
-4736 264
-4735 265
-4723 277
-4726 274
-4730 270
-4732 268
-4733 267
-4731 269
-4728 272
-4729 271
-4727 273
-4724 276
-4725 275
-4716 284
-4720 280
-4722 278
-4721 279
-4718 282
-4719 281
-4717 283
-4714 286
-4715 285
-4713 287
-4692 308
-4703 297
-4708 292
-4710 290
-4711 289
-4709 291
-4706 294
-4707 293
-4704 296
-4705 295
-4695 305
-4699 301
-4701 299
-4702 298
-4700 300
-4697 303
-4698 302
-4696 304
-4693 307
-4694 306
-4683 317
-4688 312
-4690 310
-4691 309
-4689 311
-4686 314
-4687 313
-4685 315
-4684 316
-4676 324
-4680 320
-4681 319
-4682 318
-4678 322
-4679 321
-4677 323
-4673 327
-4674 326
-4675 325
-4671 329
-4672 328
-4503 497
-4580 420
-4627 373
-4650 350
-4659 341
-4663 337
-4666 334
-4668 332
-4669 331
-4667 333
-4665 335
-4664 336
-4661 339
-4662 338
-4660 340
-4653 347
-4656 344
-4657 343
-4658 342
-4655 345
-4654 346
-4652 348
-4651 349
-4639 361
-4642 358
-4646 354
-4648 352
-4649 351
-4647 353
-4644 356
-4645 355
-4643 357
-4640 360
-4641 359
-4635 365
-4637 363
-4638 362
-4636 364
-4631 369
-4633 367
-4634 366
-4632 368
-4629 371
-4630 370
-4628 372
-4605 395
-4615 385
-4620 380
-4624 376
-4625 375
-4626 374
-4622 378
-4623 377
-4621 379
-4618 382
-4619 381
-4617 383
-4616 384
-4608 392
-4611 389
-4613 387
-4614 386
-4612 388
-4609 391
-4610 390
-4606 394
-4607 393
-4594 406
-4601 399
-4603 397
-4604 396
-4602 398
-4597 403
-4599 401
-4600 400
-4598 402
-4596 404
-4595 405
-4586 414
-4590 410
-4592 408
-4593 407
-4591 409
-4588 412
-4589 411
-4587 413
-4584 416
-4585 415
-4582 418
-4583 417
-4581 419
-4539 461
-4558 442
-4569 431
-4575 425
-4578 422
-4579 421
-4577 423
-4576 424
-4571 429
-4573 427
-4574 426
-4572 428
-4570 430
-4565 435
-4567 433
-4568 432
-4566 434
-4561 439
-4563 437
-4564 436
-4562 438
-4560 440
-4559 441
-4548 452
-4552 448
-4554 446
-4556 444
-4557 443
-4555 445
-4553 447
-4550 450
-4551 449
-4549 451
-4543 457
-4546 454
-4547 453
-4545 455
-4544 456
-4541 459
-4542 458
-4540 460
-4520 480
-4530 470
-4533 467
-4536 464
-4538 462
-4537 463
-4534 466
-4535 465
-4531 469
-4532 468
-4524 476
-4527 473
-4528 472
-4529 471
-4525 475
-4526 474
-4522 478
-4523 477
-4521 479
-4511 489
-4516 484
-4518 482
-4519 481
-4517 483
-4514 486
-4515 485
-4513 487
-4512 488
-4506 494
-4509 491
-4510 490
-4508 492
-4507 493
-4504 496
-4505 495
-4414 586
-4463 537
-4483 517
-4493 507
-4497 503
-4501 499
-4502 498
-4499 501
-4500 500
-4498 502
-4495 505
-4496 504
-4494 506
-4488 512
-4491 509
-4492 508
-4490 510
-4489 511
-4485 515
-4486 514
-4487 513
-4484 516
-4474 526
-4478 522
-4481 519
-4482 518
-4480 520
-4479 521
-4476 524
-4477 523
-4475 525
-4471 529
-4473 527
-4472 528
-4467 533
-4469 531
-4470 530
-4468 532
-4465 535
-4466 534
-4464 536
-4439 561
-4449 551
-4457 543
-4460 540
-4461 539
-4462 538
-4458 542
-4459 541
-4453 547
-4455 545
-4456 544
-4454 546
-4451 549
-4452 548
-4450 550
-4445 555
-4447 553
-4448 552
-4446 554
-4443 557
-4444 556
-4441 559
-4442 558
-4440 560
-4427 573
-4432 568
-4436 564
-4437 563
-4438 562
-4434 566
-4435 565
-4433 567
-4429 571
-4430 570
-4431 569
-4428 572
-4422 578
-4424 576
-4425 575
-4426 574
-4423 577
-4418 582
-4420 580
-4421 579
-4419 581
-4416 584
-4417 583
-4415 585
-4373 627
-4391 609
-4402 598
-4409 591
-4411 589
-4412 588
-4413 587
-4410 590
-4406 594
-4407 593
-4408 592
-4404 596
-4405 595
-4403 597
-4396 604
-4398 602
-4400 600
-4401 599
-4399 601
-4397 603
-4393 607
-4394 606
-4395 605
-4392 608
-4382 618
-4385 615
-4387 613
-4389 611
-4390 610
-4388 612
-4386 614
-4383 617
-4384 616
-4376 624
-4378 622
-4380 620
-4381 619
-4379 621
-4377 623
-4374 626
-4375 625
-4351 649
-4363 637
-4366 634
-4370 630
-4372 628
-4371 629
-4368 632
-4369 631
-4367 633
-4364 636
-4365 635
-4355 645
-4359 641
-4361 639
-4362 638
-4360 640
-4357 643
-4358 642
-4356 644
-4353 647
-4354 646
-4352 648
-4337 663
-4344 656
-4348 652
-4349 651
-4350 650
-4346 654
-4347 653
-4345 655
-4341 659
-4343 657
-4342 658
-4339 661
-4340 660
-4338 662
-4329 671
-4333 667
-4335 665
-4336 664
-4334 666
-4331 669
-4332 668
-4330 670
-4328 672
-4327 673
-3971 1029
-4152 848
-4231 769
-4279 721
-4305 695
-4315 685
-4319 681
-4323 677
-4324 676
-4325 675
-4321 679
-4322 678
-4320 680
-4317 683
-4318 682
-4316 684
-4309 691
-4313 687
-4314 686
-4311 689
-4312 688
-4310 690
-4307 693
-4308 692
-4306 694
-4292 708
-4298 702
-4302 698
-4303 697
-4304 696
-4300 700
-4301 699
-4299 701
-4296 704
-4297 703
-4294 706
-4295 705
-4293 707
-4284 716
-4288 712
-4290 710
-4291 709
-4289 711
-4286 714
-4287 713
-4285 715
-4281 719
-4282 718
-4283 717
-4280 720
-4254 746
-4264 736
-4271 729
-4275 725
-4277 723
-4278 722
-4276 724
-4273 727
-4274 726
-4272 728
-4267 733
-4269 731
-4270 730
-4268 732
-4266 734
-4265 735
-4258 742
-4260 740
-4262 738
-4263 737
-4261 739
-4259 741
-4256 744
-4257 743
-4255 745
-4244 756
-4250 750
-4252 748
-4253 747
-4251 749
-4248 752
-4249 751
-4246 754
-4247 753
-4245 755
-4237 763
-4240 760
-4242 758
-4243 757
-4241 759
-4239 761
-4238 762
-4234 766
-4235 765
-4236 764
-4233 767
-4232 768
-4194 806
-4211 789
-4221 779
-4224 776
-4227 773
-4229 771
-4230 770
-4228 772
-4226 774
-4225 775
-4222 778
-4223 777
-4217 783
-4219 781
-4220 780
-4218 782
-4215 785
-4216 784
-4213 787
-4214 786
-4212 788
-4203 797
-4208 792
-4209 791
-4210 790
-4206 794
-4207 793
-4205 795
-4204 796
-4198 802
-4200 800
-4201 799
-4202 798
-4199 801
-4196 804
-4197 803
-4195 805
-4173 827
-4185 815
-4191 809
-4193 807
-4192 808
-4189 811
-4190 810
-4187 813
-4188 812
-4186 814
-4180 820
-4182 818
-4183 817
-4184 816
-4181 819
-4176 824
-4178 822
-4179 821
-4177 823
-4175 825
-4174 826
-4163 837
-4167 833
-4171 829
-4172 828
-4169 831
-4170 830
-4168 832
-4165 835
-4166 834
-4164 836
-4158 842
-4161 839
-4162 838
-4160 840
-4159 841
-4156 844
-4157 843
-4154 846
-4155 845
-4153 847
-4065 935
-4112 888
-4131 869
-4143 857
-4147 853
-4150 850
-4151 849
-4148 852
-4149 851
-4145 855
-4146 854
-4144 856
-4136 864
-4139 861
-4141 859
-4142 858
-4140 860
-4138 862
-4137 863
-4134 866
-4135 865
-4133 867
-4132 868
-4121 879
-4124 876
-4127 873
-4129 871
-4130 870
-4128 872
-4125 875
-4126 874
-4123 877
-4122 878
-4115 885
-4119 881
-4120 880
-4117 883
-4118 882
-4116 884
-4113 887
-4114 886
-4092 908
-4102 898
-4107 893
-4110 890
-4111 889
-4109 891
-4108 892
-4104 896
-4106 894
-4105 895
-4103 897
-4096 904
-4099 901
-4101 899
-4100 900
-4098 902
-4097 903
-4094 906
-4095 905
-4093 907
-4079 921
-4085 915
-4088 912
-4090 910
-4091 909
-4089 911
-4086 914
-4087 913
-4083 917
-4084 916
-4081 919
-4082 918
-4080 920
-4072 928
-4076 924
-4078 922
-4077 923
-4074 926
-4075 925
-4073 927
-4068 932
-4070 930
-4071 929
-4069 931
-4067 933
-4066 934
-4016 984
-4040 960
-4055 945
-4060 940
-4062 938
-4064 936
-4063 937
-4061 939
-4057 943
-4058 942
-4059 941
-4056 944
-4047 953
-4051 949
-4053 947
-4054 946
-4052 948
-4049 951
-4050 950
-4048 952
-4044 956
-4046 954
-4045 955
-4042 958
-4043 957
-4041 959
-4028 972
-4032 968
-4036 964
-4038 962
-4039 961
-4037 963
-4034 966
-4035 965
-4033 967
-4030 970
-4031 969
-4029 971
-4022 978
-4026 974
-4027 973
-4024 976
-4025 975
-4023 977
-4018 982
-4020 980
-4021 979
-4019 981
-4017 983
-3988 1012
-4002 998
-4009 991
-4012 988
-4014 986
-4015 985
-4013 987
-4011 989
-4010 990
-4005 995
-4007 993
-4008 992
-4006 994
-4004 996
-4003 997
-3995 1005
-3998 1002
-4000 1000
-4001 999
-3999 1001
-3996 1004
-3997 1003
-3991 1009
-3993 1007
-3994 1006
-3992 1008
-3990 1010
-3989 1011
-3979 1021
-3983 1017
-3985 1015
-3987 1013
-3986 1014
-3984 1016
-3981 1019
-3982 1018
-3980 1020
-3974 1026
-3976 1024
-3977 1023
-3978 1022
-3975 1025
-3973 1027
-3972 1028
-3797 1203
-3891 1109
-3931 1069
-3950 1050
-3961 1039
-3966 1034
-3969 1031
-3970 1030
-3968 1032
-3967 1033
-3964 1036
-3965 1035
-3963 1037
-3962 1038
-3954 1046
-3958 1042
-3959 1041
-3960 1040
-3956 1044
-3957 1043
-3955 1045
-3952 1048
-3953 1047
-3951 1049
-3940 1060
-3944 1056
-3948 1052
-3949 1051
-3946 1054
-3947 1053
-3945 1055
-3942 1058
-3943 1057
-3941 1059
-3934 1066
-3936 1064
-3938 1062
-3939 1061
-3937 1063
-3935 1065
-3933 1067
-3932 1068
-3910 1090
-3920 1080
-3924 1076
-3928 1072
-3930 1070
-3929 1071
-3926 1074
-3927 1073
-3925 1075
-3922 1078
-3923 1077
-3921 1079
-3913 1087
-3917 1083
-3919 1081
-3918 1082
-3915 1085
-3916 1084
-3914 1086
-3912 1088
-3911 1089
-3901 1099
-3904 1096
-3907 1093
-3908 1092
-3909 1091
-3905 1095
-3906 1094
-3902 1098
-3903 1097
-3897 1103
-3899 1101
-3900 1100
-3898 1102
-3894 1106
-3896 1104
-3895 1105
-3893 1107
-3892 1108
-3847 1153
-3870 1130
-3880 1120
-3884 1116
-3887 1113
-3889 1111
-3890 1110
-3888 1112
-3885 1115
-3886 1114
-3882 1118
-3883 1117
-3881 1119
-3874 1126
-3878 1122
-3879 1121
-3876 1124
-3877 1123
-3875 1125
-3872 1128
-3873 1127
-3871 1129
-3857 1143
-3863 1137
-3867 1133
-3868 1132
-3869 1131
-3865 1135
-3866 1134
-3864 1136
-3860 1140
-3862 1138
-3861 1139
-3859 1141
-3858 1142
-3850 1150
-3853 1147
-3855 1145
-3856 1144
-3854 1146
-3851 1149
-3852 1148
-3848 1152
-3849 1151
-3822 1178
-3836 1164
-3840 1160
-3843 1157
-3845 1155
-3846 1154
-3844 1156
-3842 1158
-3841 1159
-3838 1162
-3839 1161
-3837 1163
-3829 1171
-3833 1167
-3834 1166
-3835 1165
-3831 1169
-3832 1168
-3830 1170
-3825 1175
-3827 1173
-3828 1172
-3826 1174
-3823 1177
-3824 1176
-3812 1188
-3819 1181
-3820 1180
-3821 1179
-3815 1185
-3817 1183
-3818 1182
-3816 1184
-3814 1186
-3813 1187
-3805 1195
-3808 1192
-3810 1190
-3811 1189
-3809 1191
-3806 1194
-3807 1193
-3801 1199
-3803 1197
-3804 1196
-3802 1198
-3799 1201
-3800 1200
-3798 1202
-3698 1302
-3747 1253
-3772 1228
-3783 1217
-3789 1211
-3793 1207
-3795 1205
-3796 1204
-3794 1206
-3791 1209
-3792 1208
-3790 1210
-3785 1215
-3787 1213
-3788 1212
-3786 1214
-3784 1216
-3777 1223
-3779 1221
-3781 1219
-3782 1218
-3780 1220
-3778 1222
-3775 1225
-3776 1224
-3773 1227
-3774 1226
-3758 1242
-3765 1235
-3769 1231
-3770 1230
-3771 1229
-3767 1233
-3768 1232
-3766 1234
-3762 1238
-3764 1236
-3763 1237
-3760 1240
-3761 1239
-3759 1241
-3753 1247
-3756 1244
-3757 1243
-3754 1246
-3755 1245
-3750 1250
-3752 1248
-3751 1249
-3749 1251
-3748 1252
-3721 1279
-3736 1264
-3739 1261
-3743 1257
-3745 1255
-3746 1254
-3744 1256
-3741 1259
-3742 1258
-3740 1260
-3737 1263
-3738 1262
-3728 1272
-3732 1268
-3734 1266
-3735 1265
-3733 1267
-3730 1270
-3731 1269
-3729 1271
-3724 1276
-3726 1274
-3727 1273
-3725 1275
-3723 1277
-3722 1278
-3710 1290
-3718 1282
-3719 1281
-3720 1280
-3714 1286
-3716 1284
-3717 1283
-3715 1285
-3712 1288
-3713 1287
-3711 1289
-3704 1296
-3708 1292
-3709 1291
-3706 1294
-3707 1293
-3705 1295
-3702 1298
-3703 1297
-3700 1300
-3701 1299
-3699 1301
-3651 1349
-3674 1326
-3688 1312
-3692 1308
-3695 1305
-3696 1304
-3697 1303
-3693 1307
-3694 1306
-3690 1310
-3691 1309
-3689 1311
-3681 1319
-3685 1315
-3686 1314
-3687 1313
-3683 1317
-3684 1316
-3682 1318
-3677 1323
-3679 1321
-3680 1320
-3678 1322
-3676 1324
-3675 1325
-3665 1335
-3668 1332
-3672 1328
-3673 1327
-3670 1330
-3671 1329
-3669 1331
-3667 1333
-3666 1334
-3658 1342
-3662 1338
-3663 1337
-3664 1336
-3660 1340
-3661 1339
-3659 1341
-3654 1346
-3656 1344
-3657 1343
-3655 1345
-3653 1347
-3652 1348
-3625 1375
-3636 1364
-3643 1357
-3647 1353
-3649 1351
-3650 1350
-3648 1352
-3645 1355
-3646 1354
-3644 1356
-3639 1361
-3641 1359
-3642 1358
-3640 1360
-3638 1362
-3637 1363
-3630 1370
-3634 1366
-3635 1365
-3632 1368
-3633 1367
-3631 1369
-3627 1373
-3628 1372
-3629 1371
-3626 1374
-3616 1384
-3620 1380
-3622 1378
-3623 1377
-3624 1376
-3621 1379
-3618 1382
-3619 1381
-3617 1383
-3610 1390
-3613 1387
-3615 1385
-3614 1386
-3611 1389
-3612 1388
-3608 1392
-3609 1391
-3607 1393
-2888 2112
-3240 1760
-3421 1579
-3514 1486
-3564 1436
-3583 1417
-3596 1404
-3599 1401
-3602 1398
-3604 1396
-3605 1395
-3603 1397
-3601 1399
-3600 1400
-3597 1403
-3598 1402
-3589 1411
-3593 1407
-3594 1406
-3595 1405
-3591 1409
-3592 1408
-3590 1410
-3587 1413
-3588 1412
-3585 1415
-3586 1414
-3584 1416
-3572 1428
-3575 1425
-3579 1421
-3581 1419
-3582 1418
-3580 1420
-3577 1423
-3578 1422
-3576 1424
-3574 1426
-3573 1427
-3567 1433
-3570 1430
-3571 1429
-3569 1431
-3568 1432
-3565 1435
-3566 1434
-3536 1464
-3552 1448
-3559 1441
-3562 1438
-3563 1437
-3560 1440
-3561 1439
-3555 1445
-3557 1443
-3558 1442
-3556 1444
-3553 1447
-3554 1446
-3544 1456
-3548 1452
-3550 1450
-3551 1449
-3549 1451
-3546 1454
-3547 1453
-3545 1455
-3540 1460
-3542 1458
-3543 1457
-3541 1459
-3538 1462
-3539 1461
-3537 1463
-3525 1475
-3530 1470
-3532 1468
-3534 1466
-3535 1465
-3533 1467
-3531 1469
-3528 1472
-3529 1471
-3527 1473
-3526 1474
-3519 1481
-3521 1479
-3523 1477
-3524 1476
-3522 1478
-3520 1480
-3516 1484
-3517 1483
-3518 1482
-3515 1485
-3469 1531
-3491 1509
-3501 1499
-3508 1492
-3510 1490
-3512 1488
-3513 1487
-3511 1489
-3509 1491
-3504 1496
-3506 1494
-3507 1493
-3505 1495
-3503 1497
-3502 1498
-3494 1506
-3497 1503
-3499 1501
-3500 1500
-3498 1502
-3495 1505
-3496 1504
-3492 1508
-3493 1507
-3479 1521
-3487 1513
-3489 1511
-3490 1510
-3488 1512
-3483 1517
-3485 1515
-3486 1514
-3484 1516
-3481 1519
-3482 1518
-3480 1520
-3476 1524
-3477 1523
-3478 1522
-3472 1528
-3474 1526
-3475 1525
-3473 1527
-3471 1529
-3470 1530
-3446 1554
-3455 1545
-3461 1539
-3465 1535
-3467 1533
-3468 1532
-3466 1534
-3463 1537
-3464 1536
-3462 1538
-3459 1541
-3460 1540
-3457 1543
-3458 1542
-3456 1544
-3451 1549
-3453 1547
-3454 1546
-3452 1548
-3449 1551
-3450 1550
-3448 1552
-3447 1553
-3435 1565
-3442 1558
-3444 1556
-3445 1555
-3443 1557
-3438 1562
-3440 1560
-3441 1559
-3439 1561
-3436 1564
-3437 1563
-3428 1572
-3431 1569
-3433 1567
-3434 1566
-3432 1568
-3430 1570
-3429 1571
-3424 1576
-3426 1574
-3427 1573
-3425 1575
-3423 1577
-3422 1578
-3326 1674
-3378 1622
-3401 1599
-3411 1589
-3414 1586
-3417 1583
-3419 1581
-3420 1580
-3418 1582
-3415 1585
-3416 1584
-3412 1588
-3413 1587
-3405 1595
-3409 1591
-3410 1590
-3407 1593
-3408 1592
-3406 1594
-3403 1597
-3404 1596
-3402 1598
-3389 1611
-3396 1604
-3399 1601
-3400 1600
-3398 1602
-3397 1603
-3392 1608
-3394 1606
-3395 1605
-3393 1607
-3391 1609
-3390 1610
-3384 1616
-3386 1614
-3388 1612
-3387 1613
-3385 1615
-3382 1618
-3383 1617
-3380 1620
-3381 1619
-3379 1621
-3349 1651
-3362 1638
-3370 1630
-3374 1626
-3376 1624
-3377 1623
-3375 1625
-3372 1628
-3373 1627
-3371 1629
-3366 1634
-3368 1632
-3369 1631
-3367 1633
-3364 1636
-3365 1635
-3363 1637
-3357 1643
-3360 1640
-3361 1639
-3358 1642
-3359 1641
-3353 1647
-3355 1645
-3356 1644
-3354 1646
-3351 1649
-3352 1648
-3350 1650
-3338 1662
-3343 1657
-3345 1655
-3347 1653
-3348 1652
-3346 1654
-3344 1656
-3340 1660
-3341 1659
-3342 1658
-3339 1661
-3332 1668
-3334 1666
-3336 1664
-3337 1663
-3335 1665
-3333 1667
-3328 1672
-3330 1670
-3331 1669
-3329 1671
-3327 1673
-3278 1722
-3301 1699
-3314 1686
-3320 1680
-3322 1678
-3324 1676
-3325 1675
-3323 1677
-3321 1679
-3316 1684
-3318 1682
-3319 1681
-3317 1683
-3315 1685
-3307 1693
-3310 1690
-3312 1688
-3313 1687
-3311 1689
-3309 1691
-3308 1692
-3305 1695
-3306 1694
-3303 1697
-3304 1696
-3302 1698
-3290 1710
-3294 1706
-3298 1702
-3299 1701
-3300 1700
-3296 1704
-3297 1703
-3295 1705
-3292 1708
-3293 1707
-3291 1709
-3282 1718
-3286 1714
-3288 1712
-3289 1711
-3287 1713
-3284 1716
-3285 1715
-3283 1717
-3280 1720
-3281 1719
-3279 1721
-3258 1742
-3269 1731
-3273 1727
-3276 1724
-3277 1723
-3274 1726
-3275 1725
-3271 1729
-3272 1728
-3270 1730
-3262 1738
-3265 1735
-3267 1733
-3268 1732
-3266 1734
-3264 1736
-3263 1737
-3260 1740
-3261 1739
-3259 1741
-3249 1751
-3253 1747
-3256 1744
-3257 1743
-3255 1745
-3254 1746
-3251 1749
-3252 1748
-3250 1750
-3245 1755
-3247 1753
-3248 1752
-3246 1754
-3243 1757
-3244 1756
-3242 1758
-3241 1759
-3064 1936
-3155 1845
-3195 1805
-3217 1783
-3229 1771
-3233 1767
-3237 1763
-3238 1762
-3239 1761
-3235 1765
-3236 1764
-3234 1766
-3231 1769
-3232 1768
-3230 1770
-3221 1779
-3225 1775
-3227 1773
-3228 1772
-3226 1774
-3223 1777
-3224 1776
-3222 1778
-3219 1781
-3220 1780
-3218 1782
-3206 1794
-3213 1787
-3215 1785
-3216 1784
-3214 1786
-3209 1791
-3211 1789
-3212 1788
-3210 1790
-3208 1792
-3207 1793
-3199 1801
-3203 1797
-3204 1796
-3205 1795
-3201 1799
-3202 1798
-3200 1800
-3197 1803
-3198 1802
-3196 1804
-3175 1825
-3185 1815
-3188 1812
-3191 1809
-3193 1807
-3194 1806
-3192 1808
-3189 1811
-3190 1810
-3186 1814
-3187 1813
-3179 1821
-3183 1817
-3184 1816
-3181 1819
-3182 1818
-3180 1820
-3177 1823
-3178 1822
-3176 1824
-3166 1834
-3169 1831
-3172 1828
-3173 1827
-3174 1826
-3170 1830
-3171 1829
-3167 1833
-3168 1832
-3159 1841
-3163 1837
-3164 1836
-3165 1835
-3161 1839
-3162 1838
-3160 1840
-3157 1843
-3158 1842
-3156 1844
-3109 1891
-3131 1869
-3144 1856
-3147 1853
-3151 1849
-3153 1847
-3154 1846
-3152 1848
-3149 1851
-3150 1850
-3148 1852
-3145 1855
-3146 1854
-3136 1864
-3140 1860
-3142 1858
-3143 1857
-3141 1859
-3138 1862
-3139 1861
-3137 1863
-3134 1866
-3135 1865
-3132 1868
-3133 1867
-3120 1880
-3125 1875
-3127 1873
-3129 1871
-3130 1870
-3128 1872
-3126 1874
-3122 1878
-3123 1877
-3124 1876
-3121 1879
-3113 1887
-3116 1884
-3118 1882
-3119 1881
-3117 1883
-3114 1886
-3115 1885
-3111 1889
-3112 1888
-3110 1890
-3088 1912
-3099 1901
-3102 1898
-3106 1894
-3107 1893
-3108 1892
-3104 1896
-3105 1895
-3103 1897
-3100 1900
-3101 1899
-3091 1909
-3095 1905
-3097 1903
-3098 1902
-3096 1904
-3093 1907
-3094 1906
-3092 1908
-3089 1911
-3090 1910
-3076 1924
-3081 1919
-3084 1916
-3086 1914
-3087 1913
-3085 1915
-3083 1917
-3082 1918
-3079 1921
-3080 1920
-3078 1922
-3077 1923
-3069 1931
-3073 1927
-3074 1926
-3075 1925
-3071 1929
-3072 1928
-3070 1930
-3066 1934
-3067 1933
-3068 1932
-3065 1935
-2972 2028
-3020 1980
-3041 1959
-3052 1948
-3058 1942
-3060 1940
-3062 1938
-3063 1937
-3061 1939
-3059 1941
-3054 1946
-3056 1944
-3057 1943
-3055 1945
-3053 1947
-3047 1953
-3049 1951
-3050 1950
-3051 1949
-3048 1952
-3044 1956
-3045 1955
-3046 1954
-3042 1958
-3043 1957
-3032 1968
-3035 1965
-3037 1963
-3039 1961
-3040 1960
-3038 1962
-3036 1964
-3034 1966
-3033 1967
-3024 1976
-3028 1972
-3030 1970
-3031 1969
-3029 1971
-3026 1974
-3027 1973
-3025 1975
-3022 1978
-3023 1977
-3021 1979
-2999 2001
-3010 1990
-3013 1987
-3016 1984
-3018 1982
-3019 1981
-3017 1983
-3015 1985
-3014 1986
-3011 1989
-3012 1988
-3002 1998
-3006 1994
-3008 1992
-3009 1991
-3007 1993
-3004 1996
-3005 1995
-3003 1997
-3000 2000
-3001 1999
-2985 2015
-2993 2007
-2996 2004
-2997 2003
-2998 2002
-2994 2006
-2995 2005
-2989 2011
-2991 2009
-2992 2008
-2990 2010
-2987 2013
-2988 2012
-2986 2014
-2978 2022
-2982 2018
-2983 2017
-2984 2016
-2980 2020
-2981 2019
-2979 2021
-2974 2026
-2976 2024
-2977 2023
-2975 2025
-2973 2027
-2931 2069
-2951 2049
-2962 2038
-2969 2031
-2971 2029
-2970 2030
-2965 2035
-2967 2033
-2968 2032
-2966 2034
-2964 2036
-2963 2037
-2955 2045
-2958 2042
-2960 2040
-2961 2039
-2959 2041
-2957 2043
-2956 2044
-2953 2047
-2954 2046
-2952 2048
-2940 2060
-2946 2054
-2949 2051
-2950 2050
-2948 2052
-2947 2053
-2942 2058
-2944 2056
-2945 2055
-2943 2057
-2941 2059
-2934 2066
-2938 2062
-2939 2061
-2936 2064
-2937 2063
-2935 2065
-2933 2067
-2932 2068
-2910 2090
-2922 2078
-2925 2075
-2929 2071
-2930 2070
-2927 2073
-2928 2072
-2926 2074
-2923 2077
-2924 2076
-2916 2084
-2920 2080
-2921 2079
-2918 2082
-2919 2081
-2917 2083
-2912 2088
-2914 2086
-2915 2085
-2913 2087
-2911 2089
-2899 2101
-2904 2096
-2906 2094
-2908 2092
-2909 2091
-2907 2093
-2905 2095
-2901 2099
-2902 2098
-2903 2097
-2900 2100
-2893 2107
-2897 2103
-2898 2102
-2895 2105
-2896 2104
-2894 2106
-2891 2109
-2892 2108
-2889 2111
-2890 2110
-2531 2469
-2698 2302
-2791 2209
-2838 2162
-2859 2141
-2873 2127
-2880 2120
-2884 2116
-2886 2114
-2887 2113
-2885 2115
-2882 2118
-2883 2117
-2881 2119
-2876 2124
-2878 2122
-2879 2121
-2877 2123
-2875 2125
-2874 2126
-2865 2135
-2869 2131
-2871 2129
-2872 2128
-2870 2130
-2867 2133
-2868 2132
-2866 2134
-2863 2137
-2864 2136
-2861 2139
-2862 2138
-2860 2140
-2850 2150
-2854 2146
-2857 2143
-2858 2142
-2856 2144
-2855 2145
-2852 2148
-2853 2147
-2851 2149
-2842 2158
-2846 2154
-2848 2152
-2849 2151
-2847 2153
-2844 2156
-2845 2155
-2843 2157
-2840 2160
-2841 2159
-2839 2161
-2815 2185
-2826 2174
-2834 2166
-2836 2164
-2837 2163
-2835 2165
-2830 2170
-2832 2168
-2833 2167
-2831 2169
-2828 2172
-2829 2171
-2827 2173
-2822 2178
-2824 2176
-2825 2175
-2823 2177
-2818 2182
-2820 2180
-2821 2179
-2819 2181
-2817 2183
-2816 2184
-2801 2199
-2807 2193
-2811 2189
-2813 2187
-2814 2186
-2812 2188
-2809 2191
-2810 2190
-2808 2192
-2803 2197
-2805 2195
-2806 2194
-2804 2196
-2802 2198
-2796 2204
-2798 2202
-2800 2200
-2799 2201
-2797 2203
-2794 2206
-2795 2205
-2792 2208
-2793 2207
-2747 2253
-2771 2229
-2780 2220
-2785 2215
-2787 2213
-2789 2211
-2790 2210
-2788 2212
-2786 2214
-2783 2217
-2784 2216
-2782 2218
-2781 2219
-2776 2224
-2778 2222
-2779 2221
-2777 2223
-2774 2226
-2775 2225
-2773 2227
-2772 2228
-2759 2241
-2766 2234
-2769 2231
-2770 2230
-2767 2233
-2768 2232
-2763 2237
-2764 2236
-2765 2235
-2761 2239
-2762 2238
-2760 2240
-2753 2247
-2756 2244
-2757 2243
-2758 2242
-2754 2246
-2755 2245
-2749 2251
-2751 2249
-2752 2248
-2750 2250
-2748 2252
-2724 2276
-2736 2264
-2742 2258
-2744 2256
-2745 2255
-2746 2254
-2743 2257
-2738 2262
-2740 2260
-2741 2259
-2739 2261
-2737 2263
-2730 2270
-2732 2268
-2734 2266
-2735 2265
-2733 2267
-2731 2269
-2728 2272
-2729 2271
-2726 2274
-2727 2273
-2725 2275
-2711 2289
-2719 2281
-2721 2279
-2722 2278
-2723 2277
-2720 2280
-2715 2285
-2717 2283
-2718 2282
-2716 2284
-2713 2287
-2714 2286
-2712 2288
-2705 2295
-2707 2293
-2709 2291
-2710 2290
-2708 2292
-2706 2294
-2702 2298
-2704 2296
-2703 2297
-2700 2300
-2701 2299
-2699 2301
-2614 2386
-2656 2344
-2676 2324
-2686 2314
-2692 2308
-2694 2306
-2696 2304
-2697 2303
-2695 2305
-2693 2307
-2690 2310
-2691 2309
-2688 2312
-2689 2311
-2687 2313
-2681 2319
-2684 2316
-2685 2315
-2683 2317
-2682 2318
-2678 2322
-2680 2320
-2679 2321
-2677 2323
-2665 2335
-2670 2330
-2674 2326
-2675 2325
-2672 2328
-2673 2327
-2671 2329
-2668 2332
-2669 2331
-2666 2334
-2667 2333
-2659 2341
-2663 2337
-2664 2336
-2661 2339
-2662 2338
-2660 2340
-2657 2343
-2658 2342
-2632 2368
-2642 2358
-2649 2351
-2652 2348
-2654 2346
-2655 2345
-2653 2347
-2650 2350
-2651 2349
-2645 2355
-2647 2353
-2648 2352
-2646 2354
-2644 2356
-2643 2357
-2635 2365
-2639 2361
-2640 2360
-2641 2359
-2637 2363
-2638 2362
-2636 2364
-2633 2367
-2634 2366
-2623 2377
-2627 2373
-2630 2370
-2631 2369
-2629 2371
-2628 2372
-2625 2375
-2626 2374
-2624 2376
-2619 2381
-2621 2379
-2622 2378
-2620 2380
-2617 2383
-2618 2382
-2616 2384
-2615 2385
-2573 2427
-2593 2407
-2603 2397
-2607 2393
-2610 2390
-2612 2388
-2613 2387
-2611 2389
-2609 2391
-2608 2392
-2605 2395
-2606 2394
-2604 2396
-2597 2403
-2600 2400
-2601 2399
-2602 2398
-2598 2402
-2599 2401
-2595 2405
-2596 2404
-2594 2406
-2584 2416
-2590 2410
-2592 2408
-2591 2409
-2588 2412
-2589 2411
-2586 2414
-2587 2413
-2585 2415
-2578 2422
-2580 2420
-2582 2418
-2583 2417
-2581 2419
-2579 2421
-2575 2425
-2577 2423
-2576 2424
-2574 2426
-2553 2447
-2564 2436
-2569 2431
-2571 2429
-2572 2428
-2570 2430
-2567 2433
-2568 2432
-2566 2434
-2565 2435
-2558 2442
-2560 2440
-2562 2438
-2563 2437
-2561 2439
-2559 2441
-2555 2445
-2557 2443
-2556 2444
-2554 2446
-2543 2457
-2546 2454
-2549 2451
-2551 2449
-2552 2448
-2550 2450
-2548 2452
-2547 2453
-2545 2455
-2544 2456
-2537 2463
-2541 2459
-2542 2458
-2539 2461
-2540 2460
-2538 2462
-2533 2467
-2535 2465
-2536 2464
-2534 2466
-2532 2468
-2348 152
-2433 67
-2479 21
-2508 2492
-2520 2480
-2527 2473
-2529 2471
-2530 2470
-2528 2472
-2523 2477
-2525 2475
-2526 2474
-2524 2476
-2522 2478
-2521 2479
-2514 2486
-2516 2484
-2518 2482
-2519 2481
-2517 2483
-2515 2485
-2510 2490
-2512 2488
-2513 2487
-2511 2489
-2509 2491
-2493 7
-2501 2499
-2505 2495
-2507 2493
-2506 2494
-2503 2497
-2504 2496
-2502 2498
-2497 3
-2499 1
-2500 0
-2498 2
-2495 5
-2496 4
-2494 6
-2486 14
-2489 11
-2491 9
-2492 8
-2490 10
-2488 12
-2487 13
-2483 17
-2484 16
-2485 15
-2481 19
-2482 18
-2480 20
-2457 43
-2467 33
-2472 28
-2475 25
-2477 23
-2478 22
-2476 24
-2474 26
-2473 27
-2469 31
-2470 30
-2471 29
-2468 32
-2462 38
-2464 36
-2466 34
-2465 35
-2463 37
-2459 41
-2460 40
-2461 39
-2458 42
-2444 56
-2450 50
-2453 47
-2455 45
-2456 44
-2454 46
-2452 48
-2451 49
-2448 52
-2449 51
-2446 54
-2447 53
-2445 55
-2438 62
-2441 59
-2442 58
-2443 57
-2439 61
-2440 60
-2435 65
-2436 64
-2437 63
-2434 66
-2391 109
-2410 90
-2421 79
-2426 74
-2429 71
-2431 69
-2432 68
-2430 70
-2427 73
-2428 72
-2423 77
-2425 75
-2424 76
-2422 78
-2414 86
-2417 83
-2419 81
-2420 80
-2418 82
-2415 85
-2416 84
-2412 88
-2413 87
-2411 89
-2399 101
-2403 97
-2407 93
-2409 91
-2408 92
-2405 95
-2406 94
-2404 96
-2401 99
-2402 98
-2400 100
-2394 106
-2396 104
-2397 103
-2398 102
-2395 105
-2392 108
-2393 107
-2367 133
-2379 121
-2383 117
-2387 113
-2389 111
-2390 110
-2388 112
-2385 115
-2386 114
-2384 116
-2381 119
-2382 118
-2380 120
-2371 129
-2375 125
-2377 123
-2378 122
-2376 124
-2373 127
-2374 126
-2372 128
-2369 131
-2370 130
-2368 132
-2359 141
-2362 138
-2365 135
-2366 134
-2364 136
-2363 137
-2360 140
-2361 139
-2352 148
-2356 144
-2357 143
-2358 142
-2354 146
-2355 145
-2353 147
-2350 150
-2351 149
-2349 151
-2260 240
-2306 194
-2324 176
-2336 164
-2344 156
-2346 154
-2347 153
-2345 155
-2340 160
-2342 158
-2343 157
-2341 159
-2338 162
-2339 161
-2337 163
-2328 172
-2332 168
-2334 166
-2335 165
-2333 167
-2330 170
-2331 169
-2329 171
-2326 174
-2327 173
-2325 175
-2315 185
-2320 180
-2322 178
-2323 177
-2321 179
-2318 182
-2319 181
-2317 183
-2316 184
-2309 191
-2313 187
-2314 186
-2311 189
-2312 188
-2310 190
-2307 193
-2308 192
-2283 217
-2296 204
-2300 200
-2304 196
-2305 195
-2302 198
-2303 197
-2301 199
-2298 202
-2299 201
-2297 203
-2289 211
-2293 207
-2294 206
-2295 205
-2291 209
-2292 208
-2290 210
-2287 213
-2288 212
-2285 215
-2286 214
-2284 216
-2273 227
-2277 223
-2280 220
-2281 219
-2282 218
-2279 221
-2278 222
-2275 225
-2276 224
-2274 226
-2265 235
-2269 231
-2271 229
-2272 228
-2270 230
-2267 233
-2268 232
-2266 234
-2263 237
-2264 236
-2262 238
-2261 239
-2216 284
-2243 257
-2252 248
-2257 243
-2259 241
-2258 242
-2255 245
-2256 244
-2254 246
-2253 247
-2247 253
-2250 250
-2251 249
-2249 251
-2248 252
-2245 255
-2246 254
-2244 256
-2229 271
-2236 264
-2240 260
-2242 258
-2241 259
-2238 262
-2239 261
-2237 263
-2233 267
-2235 265
-2234 266
-2231 269
-2232 268
-2230 270
-2222 278
-2226 274
-2227 273
-2228 272
-2224 276
-2225 275
-2223 277
-2220 280
-2221 279
-2218 282
-2219 281
-2217 283
-2196 304
-2205 295
-2210 290
-2212 288
-2214 286
-2215 285
-2213 287
-2211 289
-2207 293
-2208 292
-2209 291
-2206 294
-2200 300
-2202 298
-2203 297
-2204 296
-2201 299
-2198 302
-2199 301
-2197 303
-2185 315
-2192 308
-2194 306
-2195 305
-2193 307
-2188 312
-2190 310
-2191 309
-2189 311
-2187 313
-2186 314
-2177 323
-2181 319
-2183 317
-2184 316
-2182 318
-2179 321
-2180 320
-2178 322
-2175 325
-2176 324
-743 1757
-1461 1039
-1826 674
-1992 508
-2083 417
-2130 370
-2155 345
-2163 337
-2167 333
-2170 330
-2172 328
-2173 327
-2171 329
-2169 331
-2168 332
-2165 335
-2166 334
-2164 336
-2158 342
-2161 339
-2162 338
-2159 341
-2160 340
-2157 343
-2156 344
-2140 360
-2148 352
-2152 348
-2153 347
-2154 346
-2150 350
-2151 349
-2149 351
-2144 356
-2146 354
-2147 353
-2145 355
-2142 358
-2143 357
-2141 359
-2137 363
-2138 362
-2139 361
-2133 367
-2135 365
-2136 364
-2134 366
-2132 368
-2131 369
-2108 392
-2119 381
-2122 378
-2126 374
-2128 372
-2129 371
-2127 373
-2124 376
-2125 375
-2123 377
-2120 380
-2121 379
-2112 388
-2116 384
-2117 383
-2118 382
-2114 386
-2115 385
-2113 387
-2110 390
-2111 389
-2109 391
-2095 405
-2101 399
-2105 395
-2106 394
-2107 393
-2103 397
-2104 396
-2102 398
-2099 401
-2100 400
-2097 403
-2098 402
-2096 404
-2091 409
-2093 407
-2094 406
-2092 408
-2087 413
-2089 411
-2090 410
-2088 412
-2085 415
-2086 414
-2084 416
-2039 461
-2064 436
-2073 427
-2080 420
-2081 419
-2082 418
-2076 424
-2078 422
-2079 421
-2077 423
-2075 425
-2074 426
-2068 432
-2070 430
-2072 428
-2071 429
-2069 431
-2066 434
-2067 433
-2065 435
-2050 450
-2056 444
-2060 440
-2062 438
-2063 437
-2061 439
-2058 442
-2059 441
-2057 443
-2052 448
-2054 446
-2055 445
-2053 447
-2051 449
-2044 456
-2046 454
-2048 452
-2049 451
-2047 453
-2045 455
-2041 459
-2043 457
-2042 458
-2040 460
-2014 486
-2024 476
-2032 468
-2035 465
-2037 463
-2038 462
-2036 464
-2034 466
-2033 467
-2028 472
-2030 470
-2031 469
-2029 471
-2026 474
-2027 473
-2025 475
-2017 483
-2020 480
-2022 478
-2023 477
-2021 479
-2019 481
-2018 482
-2015 485
-2016 484
-2002 498
-2006 494
-2010 490
-2012 488
-2013 487
-2011 489
-2008 492
-2009 491
-2007 493
-2004 496
-2005 495
-2003 497
-1997 503
-2000 500
-2001 499
-1999 501
-1998 502
-1995 505
-1996 504
-1993 507
-1994 506
-1911 589
-1953 547
-1970 530
-1982 518
-1986 514
-1989 511
-1991 509
-1990 510
-1987 513
-1988 512
-1984 516
-1985 515
-1983 517
-1974 526
-1978 522
-1980 520
-1981 519
-1979 521
-1976 524
-1977 523
-1975 525
-1972 528
-1973 527
-1971 529
-1962 538
-1965 535
-1968 532
-1969 531
-1967 533
-1966 534
-1963 537
-1964 536
-1957 543
-1960 540
-1961 539
-1959 541
-1958 542
-1955 545
-1956 544
-1954 546
-1930 570
-1944 556
-1947 553
-1950 550
-1951 549
-1952 548
-1948 552
-1949 551
-1945 555
-1946 554
-1937 563
-1940 560
-1942 558
-1943 557
-1941 559
-1939 561
-1938 562
-1933 567
-1935 565
-1936 564
-1934 566
-1932 568
-1931 569
-1922 578
-1925 575
-1928 572
-1929 571
-1927 573
-1926 574
-1923 577
-1924 576
-1917 583
-1920 580
-1921 579
-1919 581
-1918 582
-1913 587
-1915 585
-1916 584
-1914 586
-1912 588
-1869 631
-1893 607
-1902 598
-1905 595
-1907 593
-1909 591
-1910 590
-1908 592
-1906 594
-1904 596
-1903 597
-1897 603
-1900 600
-1901 599
-1898 602
-1899 601
-1895 605
-1896 604
-1894 606
-1881 619
-1886 614
-1889 611
-1891 609
-1892 608
-1890 610
-1888 612
-1887 613
-1884 616
-1885 615
-1883 617
-1882 618
-1877 623
-1879 621
-1880 620
-1878 622
-1873 627
-1875 625
-1876 624
-1874 626
-1871 629
-1872 628
-1870 630
-1848 652
-1860 640
-1863 637
-1865 635
-1867 633
-1868 632
-1866 634
-1864 636
-1861 639
-1862 638
-1854 646
-1858 642
-1859 641
-1856 644
-1857 643
-1855 645
-1850 650
-1852 648
-1853 647
-1851 649
-1849 651
-1836 664
-1841 659
-1844 656
-1846 654
-1847 653
-1845 655
-1843 657
-1842 658
-1838 662
-1839 661
-1840 660
-1837 663
-1830 670
-1832 668
-1834 666
-1835 665
-1833 667
-1831 669
-1828 672
-1829 671
-1827 673
-1643 857
-1727 773
-1778 722
-1800 700
-1814 686
-1819 681
-1823 677
-1824 676
-1825 675
-1821 679
-1822 678
-1820 680
-1817 683
-1818 682
-1816 684
-1815 685
-1806 694
-1810 690
-1812 688
-1813 687
-1811 689
-1808 692
-1809 691
-1807 693
-1804 696
-1805 695
-1802 698
-1803 697
-1801 699
-1787 713
-1793 707
-1797 703
-1798 702
-1799 701
-1795 705
-1796 704
-1794 706
-1791 709
-1792 708
-1789 711
-1790 710
-1788 712
-1783 717
-1785 715
-1786 714
-1784 716
-1781 719
-1782 718
-1780 720
-1779 721
-1751 749
-1764 736
-1772 728
-1775 725
-1776 724
-1777 723
-1774 726
-1773 727
-1768 732
-1770 730
-1771 729
-1769 731
-1766 734
-1767 733
-1765 735
-1757 743
-1761 739
-1763 737
-1762 738
-1759 741
-1760 740
-1758 742
-1755 745
-1756 744
-1753 747
-1754 746
-1752 748
-1740 760
-1746 754
-1748 752
-1749 751
-1750 750
-1747 753
-1742 758
-1744 756
-1745 755
-1743 757
-1741 759
-1734 766
-1736 764
-1738 762
-1739 761
-1737 763
-1735 765
-1730 770
-1732 768
-1733 767
-1731 769
-1729 771
-1728 772
-1681 819
-1704 796
-1717 783
-1722 778
-1724 776
-1725 775
-1726 774
-1723 777
-1719 781
-1720 780
-1721 779
-1718 782
-1711 789
-1714 786
-1715 785
-1716 784
-1712 788
-1713 787
-1707 793
-1709 791
-1710 790
-1708 792
-1706 794
-1705 795
-1692 808
-1698 802
-1700 800
-1702 798
-1703 797
-1701 799
-1699 801
-1694 806
-1696 804
-1697 803
-1695 805
-1693 807
-1685 815
-1688 812
-1690 810
-1691 809
-1689 811
-1686 814
-1687 813
-1683 817
-1684 816
-1682 818
-1663 837
-1672 828
-1676 824
-1679 821
-1680 820
-1678 822
-1677 823
-1674 826
-1675 825
-1673 827
-1666 834
-1669 831
-1670 830
-1671 829
-1667 833
-1668 832
-1664 836
-1665 835
-1652 848
-1656 844
-1660 840
-1662 838
-1661 839
-1658 842
-1659 841
-1657 843
-1654 846
-1655 845
-1653 847
-1648 852
-1650 850
-1651 849
-1649 851
-1646 854
-1647 853
-1645 855
-1644 856
-1553 947
-1597 903
-1622 878
-1632 868
-1636 864
-1639 861
-1641 859
-1642 858
-1640 860
-1637 863
-1638 862
-1634 866
-1635 865
-1633 867
-1628 872
-1630 870
-1631 869
-1629 871
-1626 874
-1627 873
-1624 876
-1625 875
-1623 877
-1611 889
-1616 884
-1618 882
-1620 880
-1621 879
-1619 881
-1617 883
-1613 887
-1615 885
-1614 886
-1612 888
-1604 896
-1607 893
-1609 891
-1610 890
-1608 892
-1605 895
-1606 894
-1600 900
-1602 898
-1603 897
-1601 899
-1599 901
-1598 902
-1573 927
-1584 916
-1590 910
-1594 906
-1595 905
-1596 904
-1592 908
-1593 907
-1591 909
-1586 914
-1588 912
-1589 911
-1587 913
-1585 915
-1578 922
-1580 920
-1582 918
-1583 917
-1581 919
-1579 921
-1575 925
-1577 923
-1576 924
-1574 926
-1563 937
-1568 932
-1571 929
-1572 928
-1570 930
-1569 931
-1566 934
-1567 933
-1565 935
-1564 936
-1557 943
-1560 940
-1561 939
-1562 938
-1558 942
-1559 941
-1555 945
-1556 944
-1554 946
-1507 993
-1531 969
-1543 957
-1549 951
-1551 949
-1552 948
-1550 950
-1547 953
-1548 952
-1545 955
-1546 954
-1544 956
-1536 964
-1539 961
-1541 959
-1542 958
-1540 960
-1537 963
-1538 962
-1533 967
-1534 966
-1535 965
-1532 968
-1520 980
-1527 973
-1529 971
-1530 970
-1528 972
-1523 977
-1525 975
-1526 974
-1524 976
-1522 978
-1521 979
-1512 988
-1516 984
-1518 982
-1519 981
-1517 983
-1514 986
-1515 985
-1513 987
-1509 991
-1510 990
-1511 989
-1508 992
-1483 1017
-1498 1002
-1501 999
-1503 997
-1505 995
-1506 994
-1504 996
-1502 998
-1500 1000
-1499 1001
-1491 1009
-1494 1006
-1496 1004
-1497 1003
-1495 1005
-1492 1008
-1493 1007
-1487 1013
-1489 1011
-1490 1010
-1488 1012
-1485 1015
-1486 1014
-1484 1016
-1471 1029
-1477 1023
-1479 1021
-1481 1019
-1482 1018
-1480 1020
-1478 1022
-1473 1027
-1475 1025
-1476 1024
-1474 1026
-1472 1028
-1466 1034
-1469 1031
-1470 1030
-1468 1032
-1467 1033
-1464 1036
-1465 1035
-1462 1038
-1463 1037
-1094 1406
-1270 1230
-1366 1134
-1411 1089
-1434 1066
-1448 1052
-1455 1045
-1458 1042
-1459 1041
-1460 1040
-1457 1043
-1456 1044
-1451 1049
-1453 1047
-1454 1046
-1452 1048
-1450 1050
-1449 1051
-1441 1059
-1444 1056
-1446 1054
-1447 1053
-1445 1055
-1443 1057
-1442 1058
-1437 1063
-1439 1061
-1440 1060
-1438 1062
-1436 1064
-1435 1065
-1423 1077
-1428 1072
-1430 1070
-1432 1068
-1433 1067
-1431 1069
-1429 1071
-1425 1075
-1426 1074
-1427 1073
-1424 1076
-1417 1083
-1421 1079
-1422 1078
-1419 1081
-1420 1080
-1418 1082
-1413 1087
-1415 1085
-1416 1084
-1414 1086
-1412 1088
-1389 1111
-1398 1102
-1404 1096
-1407 1093
-1409 1091
-1410 1090
-1408 1092
-1406 1094
-1405 1095
-1400 1100
-1402 1098
-1403 1097
-1401 1099
-1399 1101
-1392 1108
-1394 1106
-1396 1104
-1397 1103
-1395 1105
-1393 1107
-1391 1109
-1390 1110
-1379 1121
-1383 1117
-1386 1114
-1387 1113
-1388 1112
-1385 1115
-1384 1116
-1381 1119
-1382 1118
-1380 1120
-1373 1127
-1376 1124
-1377 1123
-1378 1122
-1375 1125
-1374 1126
-1369 1131
-1371 1129
-1372 1128
-1370 1130
-1368 1132
-1367 1133
-1322 1178
-1344 1156
-1354 1146
-1361 1139
-1364 1136
-1365 1135
-1363 1137
-1362 1138
-1358 1142
-1359 1141
-1360 1140
-1356 1144
-1357 1143
-1355 1145
-1348 1152
-1350 1150
-1352 1148
-1353 1147
-1351 1149
-1349 1151
-1346 1154
-1347 1153
-1345 1155
-1331 1169
-1336 1164
-1340 1160
-1342 1158
-1343 1157
-1341 1159
-1338 1162
-1339 1161
-1337 1163
-1333 1167
-1334 1166
-1335 1165
-1332 1168
-1328 1172
-1329 1171
-1330 1170
-1326 1174
-1327 1173
-1324 1176
-1325 1175
-1323 1177
-1295 1205
-1309 1191
-1315 1185
-1319 1181
-1320 1180
-1321 1179
-1317 1183
-1318 1182
-1316 1184
-1313 1187
-1314 1186
-1311 1189
-1312 1188
-1310 1190
-1303 1197
-1305 1195
-1307 1193
-1308 1192
-1306 1194
-1304 1196
-1299 1201
-1301 1199
-1302 1198
-1300 1200
-1297 1203
-1298 1202
-1296 1204
-1283 1217
-1289 1211
-1291 1209
-1293 1207
-1294 1206
-1292 1208
-1290 1210
-1287 1213
-1288 1212
-1285 1215
-1286 1214
-1284 1216
-1275 1225
-1279 1221
-1281 1219
-1282 1218
-1280 1220
-1277 1223
-1278 1222
-1276 1224
-1272 1228
-1274 1226
-1273 1227
-1271 1229
-1174 1326
-1222 1278
-1247 1253
-1257 1243
-1262 1238
-1266 1234
-1268 1232
-1269 1231
-1267 1233
-1264 1236
-1265 1235
-1263 1237
-1260 1240
-1261 1239
-1259 1241
-1258 1242
-1252 1248
-1254 1246
-1255 1245
-1256 1244
-1253 1247
-1249 1251
-1251 1249
-1250 1250
-1248 1252
-1232 1268
-1240 1260
-1243 1257
-1245 1255
-1246 1254
-1244 1256
-1242 1258
-1241 1259
-1236 1264
-1238 1262
-1239 1261
-1237 1263
-1234 1266
-1235 1265
-1233 1267
-1227 1273
-1229 1271
-1230 1270
-1231 1269
-1228 1272
-1224 1276
-1226 1274
-1225 1275
-1223 1277
-1198 1302
-1209 1291
-1216 1284
-1219 1281
-1221 1279
-1220 1280
-1218 1282
-1217 1283
-1212 1288
-1214 1286
-1215 1285
-1213 1287
-1211 1289
-1210 1290
-1203 1297
-1205 1295
-1207 1293
-1208 1292
-1206 1294
-1204 1296
-1200 1300
-1202 1298
-1201 1299
-1199 1301
-1185 1315
-1191 1309
-1195 1305
-1197 1303
-1196 1304
-1193 1307
-1194 1306
-1192 1308
-1187 1313
-1189 1311
-1190 1310
-1188 1312
-1186 1314
-1180 1320
-1182 1318
-1184 1316
-1183 1317
-1181 1319
-1176 1324
-1178 1322
-1179 1321
-1177 1323
-1175 1325
-1133 1367
-1153 1347
-1163 1337
-1169 1331
-1171 1329
-1172 1328
-1173 1327
-1170 1330
-1166 1334
-1167 1333
-1168 1332
-1164 1336
-1165 1335
-1157 1343
-1161 1339
-1162 1338
-1159 1341
-1160 1340
-1158 1342
-1155 1345
-1156 1344
-1154 1346
-1143 1357
-1146 1354
-1149 1351
-1151 1349
-1152 1348
-1150 1350
-1147 1353
-1148 1352
-1144 1356
-1145 1355
-1136 1364
-1140 1360
-1141 1359
-1142 1358
-1138 1362
-1139 1361
-1137 1363
-1134 1366
-1135 1365
-1113 1387
-1123 1377
-1126 1374
-1129 1371
-1131 1369
-1132 1368
-1130 1370
-1127 1373
-1128 1372
-1124 1376
-1125 1375
-1119 1381
-1121 1379
-1122 1378
-1120 1380
-1116 1384
-1118 1382
-1117 1383
-1115 1385
-1114 1386
-1105 1395
-1108 1392
-1111 1389
-1112 1388
-1109 1391
-1110 1390
-1106 1394
-1107 1393
-1098 1402
-1101 1399
-1103 1397
-1104 1396
-1102 1398
-1099 1401
-1100 1400
-1096 1404
-1097 1403
-1095 1405
-934 1566
-1014 1486
-1056 1444
-1074 1426
-1086 1414
-1091 1409
-1093 1407
-1092 1408
-1089 1411
-1090 1410
-1087 1413
-1088 1412
-1078 1422
-1082 1418
-1084 1416
-1085 1415
-1083 1417
-1080 1420
-1081 1419
-1079 1421
-1076 1424
-1077 1423
-1075 1425
-1065 1435
-1068 1432
-1072 1428
-1073 1427
-1070 1430
-1071 1429
-1069 1431
-1066 1434
-1067 1433
-1062 1438
-1063 1437
-1064 1436
-1060 1440
-1061 1439
-1058 1442
-1059 1441
-1057 1443
-1035 1465
-1045 1455
-1051 1449
-1053 1447
-1055 1445
-1054 1446
-1052 1448
-1049 1451
-1050 1450
-1047 1453
-1048 1452
-1046 1454
-1039 1461
-1042 1458
-1043 1457
-1044 1456
-1040 1460
-1041 1459
-1037 1463
-1038 1462
-1036 1464
-1025 1475
-1028 1472
-1031 1469
-1033 1467
-1034 1466
-1032 1468
-1030 1470
-1029 1471
-1027 1473
-1026 1474
-1021 1479
-1023 1477
-1024 1476
-1022 1478
-1017 1483
-1019 1481
-1020 1480
-1018 1482
-1016 1484
-1015 1485
-975 1525
-995 1505
-1005 1495
-1009 1491
-1011 1489
-1012 1488
-1013 1487
-1010 1490
-1007 1493
-1008 1492
-1006 1494
-1001 1499
-1003 1497
-1004 1496
-1002 1498
-999 1501
-1000 1500
-997 1503
-998 1502
-996 1504
-986 1514
-992 1508
-993 1507
-994 1506
-990 1510
-991 1509
-988 1512
-989 1511
-987 1513
-981 1519
-983 1517
-984 1516
-985 1515
-982 1518
-977 1523
-979 1521
-980 1520
-978 1522
-976 1524
-954 1546
-964 1536
-969 1531
-971 1529
-973 1527
-974 1526
-972 1528
-970 1530
-967 1533
-968 1532
-966 1534
-965 1535
-961 1539
-963 1537
-962 1538
-957 1543
-959 1541
-960 1540
-958 1542
-956 1544
-955 1545
-945 1555
-948 1552
-951 1549
-952 1548
-953 1547
-949 1551
-950 1550
-946 1554
-947 1553
-941 1559
-943 1557
-944 1556
-942 1558
-937 1563
-939 1561
-940 1560
-938 1562
-936 1564
-935 1565
-837 1663
-886 1614
-908 1592
-919 1581
-927 1573
-931 1569
-933 1567
-932 1568
-929 1571
-930 1570
-928 1572
-923 1577
-925 1575
-926 1574
-924 1576
-921 1579
-922 1578
-920 1580
-914 1586
-916 1584
-917 1583
-918 1582
-915 1585
-910 1590
-912 1588
-913 1587
-911 1589
-909 1591
-897 1603
-901 1599
-904 1596
-906 1594
-907 1593
-905 1595
-902 1598
-903 1597
-899 1601
-900 1600
-898 1602
-892 1608
-895 1605
-896 1604
-894 1606
-893 1607
-888 1612
-890 1610
-891 1609
-889 1611
-887 1613
-860 1640
-875 1625
-881 1619
-883 1617
-884 1616
-885 1615
-882 1618
-877 1623
-879 1621
-880 1620
-878 1622
-876 1624
-867 1633
-871 1629
-873 1627
-874 1626
-872 1628
-869 1631
-870 1630
-868 1632
-863 1637
-865 1635
-866 1634
-864 1636
-862 1638
-861 1639
-850 1650
-855 1645
-857 1643
-858 1642
-859 1641
-856 1644
-852 1648
-854 1646
-853 1647
-851 1649
-844 1656
-848 1652
-849 1651
-846 1654
-847 1653
-845 1655
-840 1660
-842 1658
-843 1657
-841 1659
-839 1661
-838 1662
-790 1710
-814 1686
-826 1674
-831 1669
-833 1667
-835 1665
-836 1664
-834 1666
-832 1668
-828 1672
-829 1671
-830 1670
-827 1673
-819 1681
-822 1678
-824 1676
-825 1675
-823 1677
-821 1679
-820 1680
-816 1684
-817 1683
-818 1682
-815 1685
-802 1698
-807 1693
-811 1689
-812 1688
-813 1687
-809 1691
-810 1690
-808 1692
-804 1696
-805 1695
-806 1694
-803 1697
-797 1703
-800 1700
-801 1699
-798 1702
-799 1701
-793 1707
-795 1705
-796 1704
-794 1706
-792 1708
-791 1709
-769 1731
-780 1720
-784 1716
-787 1713
-789 1711
-788 1712
-785 1715
-786 1714
-782 1718
-783 1717
-781 1719
-773 1727
-777 1723
-778 1722
-779 1721
-775 1725
-776 1724
-774 1726
-771 1729
-772 1728
-770 1730
-756 1744
-761 1739
-765 1735
-767 1733
-768 1732
-766 1734
-763 1737
-764 1736
-762 1738
-759 1741
-760 1740
-758 1742
-757 1743
-748 1752
-752 1748
-754 1746
-755 1745
-753 1747
-750 1750
-751 1749
-749 1751
-745 1755
-746 1754
-747 1753
-744 1756
-5 2495
-379 2121
-565 1935
-658 1842
-702 1798
-723 1777
-732 1768
-736 1764
-740 1760
-741 1759
-742 1758
-738 1762
-739 1761
-737 1763
-734 1766
-735 1765
-733 1767
-728 1772
-730 1770
-731 1769
-729 1771
-726 1774
-727 1773
-725 1775
-724 1776
-713 1787
-716 1784
-719 1781
-721 1779
-722 1778
-720 1780
-718 1782
-717 1783
-714 1786
-715 1785
-707 1793
-711 1789
-712 1788
-709 1791
-710 1790
-708 1792
-704 1796
-706 1794
-705 1795
-703 1797
-680 1820
-691 1809
-696 1804
-698 1802
-700 1800
-701 1799
-699 1801
-697 1803
-694 1806
-695 1805
-693 1807
-692 1808
-684 1816
-687 1813
-689 1811
-690 1810
-688 1812
-686 1814
-685 1815
-682 1818
-683 1817
-681 1819
-670 1830
-675 1825
-678 1822
-679 1821
-677 1823
-676 1824
-672 1828
-674 1826
-673 1827
-671 1829
-662 1838
-666 1834
-668 1832
-669 1831
-667 1833
-664 1836
-665 1835
-663 1837
-660 1840
-661 1839
-659 1841
-614 1886
-634 1866
-647 1853
-652 1848
-656 1844
-657 1843
-654 1846
-655 1845
-653 1847
-649 1851
-650 1850
-651 1849
-648 1852
-640 1860
-643 1857
-645 1855
-646 1854
-644 1856
-641 1859
-642 1858
-636 1864
-638 1862
-639 1861
-637 1863
-635 1865
-622 1878
-628 1872
-630 1870
-632 1868
-633 1867
-631 1869
-629 1871
-626 1874
-627 1873
-624 1876
-625 1875
-623 1877
-617 1883
-619 1881
-621 1879
-620 1880
-618 1882
-616 1884
-615 1885
-588 1912
-599 1901
-606 1894
-610 1890
-612 1888
-613 1887
-611 1889
-608 1892
-609 1891
-607 1893
-602 1898
-604 1896
-605 1895
-603 1897
-601 1899
-600 1900
-594 1906
-597 1903
-598 1902
-596 1904
-595 1905
-590 1910
-592 1908
-593 1907
-591 1909
-589 1911
-576 1924
-581 1919
-584 1916
-586 1914
-587 1913
-585 1915
-583 1917
-582 1918
-579 1921
-580 1920
-577 1923
-578 1922
-571 1929
-573 1927
-574 1926
-575 1925
-572 1928
-569 1931
-570 1930
-567 1933
-568 1932
-566 1934
-478 2022
-526 1974
-545 1955
-556 1944
-560 1940
-563 1937
-564 1936
-562 1938
-561 1939
-558 1942
-559 1941
-557 1943
-551 1949
-554 1946
-555 1945
-553 1947
-552 1948
-548 1952
-549 1951
-550 1950
-546 1954
-547 1953
-536 1964
-539 1961
-541 1959
-543 1957
-544 1956
-542 1958
-540 1960
-537 1963
-538 1962
-531 1969
-534 1966
-535 1965
-533 1967
-532 1968
-528 1972
-529 1971
-530 1970
-527 1973
-500 2000
-514 1986
-519 1981
-522 1978
-524 1976
-525 1975
-523 1977
-521 1979
-520 1980
-517 1983
-518 1982
-516 1984
-515 1985
-506 1994
-510 1990
-512 1988
-513 1987
-511 1989
-508 1992
-509 1991
-507 1993
-502 1998
-504 1996
-505 1995
-503 1997
-501 1999
-489 2011
-494 2006
-496 2004
-498 2002
-499 2001
-497 2003
-495 2005
-492 2008
-493 2007
-490 2010
-491 2009
-483 2017
-485 2015
-487 2013
-488 2012
-486 2014
-484 2016
-480 2020
-482 2018
-481 2019
-479 2021
-425 2075
-452 2048
-463 2037
-471 2029
-475 2025
-477 2023
-476 2024
-473 2027
-474 2026
-472 2028
-467 2033
-469 2031
-470 2030
-468 2032
-465 2035
-466 2034
-464 2036
-457 2043
-461 2039
-462 2038
-459 2041
-460 2040
-458 2042
-455 2045
-456 2044
-454 2046
-453 2047
-438 2062
-444 2056
-448 2052
-450 2050
-451 2049
-449 2051
-446 2054
-447 2053
-445 2055
-442 2058
-443 2057
-440 2060
-441 2059
-439 2061
-430 2070
-434 2066
-436 2064
-437 2063
-435 2065
-432 2068
-433 2067
-431 2069
-428 2072
-429 2071
-427 2073
-426 2074
-402 2098
-414 2086
-417 2083
-421 2079
-423 2077
-424 2076
-422 2078
-419 2081
-420 2080
-418 2082
-415 2085
-416 2084
-407 2093
-410 2090
-412 2088
-413 2087
-411 2089
-409 2091
-408 2092
-405 2095
-406 2094
-404 2096
-403 2097
-393 2107
-398 2102
-400 2100
-401 2099
-399 2101
-396 2104
-397 2103
-395 2105
-394 2106
-387 2113
-389 2111
-391 2109
-392 2108
-390 2110
-388 2112
-383 2117
-385 2115
-386 2114
-384 2116
-381 2119
-382 2118
-380 2120
-199 2301
-289 2211
-338 2162
-362 2138
-371 2129
-376 2124
-377 2123
-378 2122
-374 2126
-375 2125
-372 2128
-373 2127
-365 2135
-367 2133
-369 2131
-370 2130
-368 2132
-366 2134
-364 2136
-363 2137
-349 2151
-354 2146
-358 2142
-360 2140
-361 2139
-359 2141
-356 2144
-357 2143
-355 2145
-351 2149
-353 2147
-352 2148
-350 2150
-343 2157
-345 2155
-347 2153
-348 2152
-346 2154
-344 2156
-340 2160
-342 2158
-341 2159
-339 2161
-313 2187
-325 2175
-330 2170
-334 2166
-336 2164
-337 2163
-335 2165
-332 2168
-333 2167
-331 2169
-327 2173
-329 2171
-328 2172
-326 2174
-320 2180
-322 2178
-324 2176
-323 2177
-321 2179
-316 2184
-318 2182
-319 2181
-317 2183
-315 2185
-314 2186
-301 2199
-307 2193
-309 2191
-311 2189
-312 2188
-310 2190
-308 2192
-303 2197
-305 2195
-306 2194
-304 2196
-302 2198
-296 2204
-299 2201
-300 2200
-298 2202
-297 2203
-293 2207
-294 2206
-295 2205
-291 2209
-292 2208
-290 2210
-247 2253
-267 2233
-278 2222
-285 2215
-287 2213
-288 2212
-286 2214
-281 2219
-283 2217
-284 2216
-282 2218
-280 2220
-279 2221
-272 2228
-274 2226
-276 2224
-277 2223
-275 2225
-273 2227
-269 2231
-271 2229
-270 2230
-268 2232
-256 2244
-261 2239
-265 2235
-266 2234
-263 2237
-264 2236
-262 2238
-258 2242
-259 2241
-260 2240
-257 2243
-252 2248
-254 2246
-255 2245
-253 2247
-250 2250
-251 2249
-248 2252
-249 2251
-221 2279
-234 2266
-242 2258
-244 2256
-245 2255
-246 2254
-243 2257
-238 2262
-240 2260
-241 2259
-239 2261
-236 2264
-237 2263
-235 2265
-228 2272
-230 2270
-232 2268
-233 2267
-231 2269
-229 2271
-224 2276
-226 2274
-227 2273
-225 2275
-223 2277
-222 2278
-210 2290
-215 2285
-217 2283
-219 2281
-220 2280
-218 2282
-216 2284
-212 2288
-214 2286
-213 2287
-211 2289
-203 2297
-207 2293
-209 2291
-208 2292
-205 2295
-206 2294
-204 2296
-201 2299
-202 2298
-200 2300
-101 2399
-147 2353
-170 2330
-186 2314
-194 2306
-197 2303
-198 2302
-196 2304
-195 2305
-190 2310
-192 2308
-193 2307
-191 2309
-188 2312
-189 2311
-187 2313
-178 2322
-182 2318
-184 2316
-185 2315
-183 2317
-180 2320
-181 2319
-179 2321
-174 2326
-176 2324
-177 2323
-175 2325
-172 2328
-173 2327
-171 2329
-158 2342
-164 2336
-166 2334
-168 2332
-169 2331
-167 2333
-165 2335
-161 2339
-162 2338
-163 2337
-159 2341
-160 2340
-153 2347
-155 2345
-156 2344
-157 2343
-154 2346
-149 2351
-151 2349
-152 2348
-150 2350
-148 2352
-123 2377
-136 2364
-142 2358
-144 2356
-145 2355
-146 2354
-143 2357
-140 2360
-141 2359
-138 2362
-139 2361
-137 2363
-130 2370
-132 2368
-134 2366
-135 2365
-133 2367
-131 2369
-127 2373
-128 2372
-129 2371
-125 2375
-126 2374
-124 2376
-111 2389
-117 2383
-119 2381
-121 2379
-122 2378
-120 2380
-118 2382
-114 2386
-116 2384
-115 2385
-113 2387
-112 2388
-104 2396
-107 2393
-109 2391
-110 2390
-108 2392
-106 2394
-105 2395
-103 2397
-102 2398
-52 2448
-77 2423
-91 2409
-94 2406
-97 2403
-99 2401
-100 2400
-98 2402
-96 2404
-95 2405
-92 2408
-93 2407
-84 2416
-87 2413
-89 2411
-90 2410
-88 2412
-85 2415
-86 2414
-80 2420
-82 2418
-83 2417
-81 2419
-79 2421
-78 2422
-66 2434
-72 2428
-75 2425
-76 2424
-73 2427
-74 2426
-68 2432
-70 2430
-71 2429
-69 2431
-67 2433
-58 2442
-62 2438
-64 2436
-65 2435
-63 2437
-60 2440
-61 2439
-59 2441
-55 2445
-57 2443
-56 2444
-54 2446
-53 2447
-25 2475
-38 2462
-44 2456
-48 2452
-50 2450
-51 2449
-49 2451
-46 2454
-47 2453
-45 2455
-41 2459
-42 2458
-43 2457
-39 2461
-40 2460
-31 2469
-34 2466
-36 2464
-37 2463
-35 2465
-32 2468
-33 2467
-27 2473
-29 2471
-30 2470
-28 2472
-26 2474
-17 2483
-20 2480
-22 2478
-24 2476
-23 2477
-21 2479
-19 2481
-18 2482
-13 2487
-15 2485
-16 2484
-14 2486
-9 2491
-11 2489
-12 2488
-10 2490
-7 2493
-8 2492
-6 2494
371 371
187 187
90 90
39 39
18 18
6 6
0 0
-2 2498
-3 2497
-4 2496
-1 2499
3 3
2 2
1 1
4 4
5 5
12 12
10 10
8 8
7 7
9 9
11 11
16 16
14 14
13 13
15 15
17 17
29 29
24 24
22 22
20 20
19 19
21 21
23 23
26 26
25 25
28 28
27 27
36 36
32 32
31 31
30 30
34 34
33 33
35 35
38 38
37 37
67 67
53 53
46 46
43 43
41 41
40 40
42 42
44 44
45 45
49 49
48 48
47 47
51 51
50 50
52 52
61 61
57 57
55 55
54 54
56 56
59 59
58 58
60 60
65 65
63 63
62 62
64 64
66 66
78 78
72 72
70 70
68 68
69 69
71 71
75 75
73 73
74 74
77 77
76 76
85 85
82 82
80 80
79 79
81 81
83 83
84 84
87 87
86 86
88 88
89 89
140 140
118 118
103 103
98 98
94 94
92 92
91 91
93 93
96 96
95 95
97 97
101 101
99 99
100 100
102 102
110 110
107 107
105 105
104 104
106 106
108 108
109 109
114 114
112 112
111 111
113 113
116 116
115 115
117 117
129 129
124 124
121 121
119 119
120 120
123 123
122 122
126 126
125 125
127 127
128 128
134 134
132 132
131 131
130 130
133 133
138 138
136 136
135 135
137 137
139 139
161 161
151 151
147 147
143 143
141 141
142 142
145 145
144 144
146 146
149 149
148 148
150 150
156 156
153 153
152 152
154 154
155 155
159 159
158 158
157 157
160 160
175 175
168 168
165 165
163 163
162 162
164 164
166 166
167 167
171 171
170 170
169 169
173 173
172 172
174 174
181 181
179 179
177 177
176 176
178 178
180 180
184 184
182 182
183 183
185 185
186 186
281 281
228 228
206 206
196 196
193 193
191 191
189 189
188 188
190 190
192 192
195 195
194 194
201 201
198 198
197 197
199 199
200 200
204 204
202 202
203 203
205 205
216 216
211 211
209 209
207 207
208 208
210 210
214 214
212 212
213 213
215 215
222 222
218 218
217 217
220 220
219 219
221 221
224 224
223 223
226 226
225 225
227 227
257 257
243 243
236 236
232 232
230 230
229 229
231 231
234 234
233 233
235 235
240 240
238 238
237 237
239 239
242 242
241 241
251 251
247 247
245 245
244 244
246 246
249 249
248 248
250 250
255 255
253 253
252 252
254 254
256 256
269 269
264 264
261 261
259 259
258 258
260 260
263 263
262 262
266 266
265 265
267 267
268 268
276 276
272 272
271 271
270 270
274 274
273 273
275 275
278 278
277 277
280 280
279 279
327 327
306 306
294 294
288 288
284 284
283 283
282 282
286 286
285 285
287 287
292 292
290 290
289 289
291 291
293 293
302 302
298 298
296 296
295 295
297 297
300 300
299 299
301 301
304 304
303 303
305 305
316 316
312 312
309 309
307 307
308 308
311 311
310 310
314 314
313 313
315 315
323 323
319 319
317 317
318 318
321 321
320 320
322 322
325 325
324 324
326 326
347 347
339 339
333 333
330 330
329 329
328 328
332 332
331 331
335 335
334 334
337 337
336 336
338 338
344 344
341 341
340 340
342 342
343 343
346 346
345 345
358 358
354 354
350 350
349 349
348 348
352 352
351 351
353 353
356 356
355 355
357 357
366 366
362 362
360 360
359 359
361 361
364 364
363 363
365 365
368 368
367 367
370 370
369 369
538 538
450 450
415 415
398 398
387 387
379 379
375 375
373 373
372 372
374 374
377 377
376 376
378 378
383 383
381 381
380 380
382 382
385 385
384 384
386 386
391 391
389 389
388 388
390 390
395 395
393 393
392 392
394 394
396 396
397 397
406 406
403 403
400 400
399 399
402 402
401 401
404 404
405 405
412 412
410 410
408 408
407 407
409 409
411 411
413 413
414 414
431 431
420 420
418 418
417 417
416 416
419 419
424 424
422 422
421 421
423 423
428 428
426 426
425 425
427 427
429 429
430 430
441 441
438 438
435 435
433 433
432 432
434 434
436 436
437 437
440 440
439 439
447 447
444 444
443 443
442 442
445 445
446 446
449 449
448 448
489 489
469 469
459 459
455 455
452 452
451 451
454 454
453 453
457 457
456 456
458 458
466 466
462 462
461 461
460 460
464 464
463 463
465 465
468 468
467 467
480 480
477 477
473 473
471 471
470 470
472 472
475 475
474 474
476 476
479 479
478 478
484 484
482 482
481 481
483 483
486 486
485 485
488 488
487 487
511 511
500 500
497 497
493 493
491 491
490 490
492 492
495 495
494 494
496 496
499 499
498 498
508 508
504 504
502 502
501 501
503 503
506 506
505 505
507 507
510 510
509 509
523 523
515 515
513 513
512 512
514 514
519 519
517 517
516 516
518 518
521 521
520 520
522 522
530 530
526 526
524 524
525 525
528 528
527 527
529 529
534 534
532 532
531 531
533 533
536 536
535 535
537 537
628 628
584 584
560 560
550 550
545 545
541 541
540 540
539 539
543 543
542 542
544 544
547 547
546 546
548 548
549 549
556 556
552 552
551 551
554 554
553 553
555 555
558 558
557 557
559 559
573 573
567 567
563 563
562 562
561 561
565 565
564 564
566 566
569 569
568 568
571 571
570 570
572 572
580 580
577 577
575 575
574 574
576 576
578 578
579 579
582 582
581 581
583 583
608 608
595 595
591 591
587 587
586 586
585 585
589 589
588 588
590 590
593 593
592 592
594 594
602 602
598 598
596 596
597 597
600 600
599 599
601 601
604 604
603 603
606 606
605 605
607 607
618 618
611 611
610 610
609 609
615 615
613 613
612 612
614 614
616 616
617 617
625 625
622 622
620 620
619 619
621 621
624 624
623 623
626 626
627 627
669 669
650 650
639 639
636 636
632 632
630 630
629 629
631 631
634 634
633 633
635 635
638 638
637 637
646 646
643 643
641 641
640 640
642 642
645 645
644 644
648 648
647 647
649 649
660 660
656 656
653 653
651 651
652 652
655 655
654 654
658 658
657 657
659 659
665 665
662 662
661 661
663 663
664 664
667 667
666 666
668 668
688 688
678 678
672 672
671 671
670 670
674 674
673 673
676 676
675 675
677 677
685 685
681 681
680 680
679 679
683 683
682 682
684 684
687 687
686 686
698 698
692 692
690 690
689 689
691 691
694 694
693 693
696 696
695 695
697 697
701 701
700 700
699 699
703 703
702 702
705 705
704 704
706 706
2159 2159
1427 1427
1059 1059
878 878
783 783
742 742
725 725
717 717
711 711
709 709
708 708
710 710
713 713
712 712
715 715
714 714
716 716
722 722
720 720
719 719
718 718
721 721
724 724
723 723
734 734
730 730
728 728
727 727
726 726
729 729
732 732
731 731
733 733
739 739
736 736
735 735
737 737
738 738
741 741
740 740
762 762
751 751
748 748
745 745
744 744
743 743
747 747
746 746
750 750
749 749
758 758
754 754
752 752
753 753
756 756
755 755
757 757
760 760
759 759
761 761
772 772
768 768
765 765
764 764
763 763
767 767
766 766
770 770
769 769
771 771
779 779
776 776
774 774
773 773
775 775
777 777
778 778
781 781
780 780
782 782
828 828
804 804
793 793
790 790
786 786
785 785
784 784
788 788
787 787
789 789
791 791
792 792
800 800
796 796
794 794
795 795
798 798
797 797
799 799
802 802
801 801
803 803
814 814
810 810
807 807
805 805
806 806
808 808
809 809
812 812
811 811
813 813
821 821
817 817
816 816
815 815
819 819
818 818
820 820
825 825
823 823
822 822
824 824
827 827
826 826
853 853
843 843
835 835
831 831
829 829
830 830
833 833
832 832
834 834
839 839
837 837
836 836
838 838
841 841
840 840
842 842
850 850
846 846
845 845
844 844
848 848
847 847
849 849
852 852
851 851
863 863
859 859
856 856
855 855
854 854
858 858
857 857
861 861
860 860
862 862
871 871
867 867
865 865
864 864
866 866
869 869
868 868
870 870
875 875
873 873
872 872
874 874
876 876
877 877
967 967
925 925
900 900
890 890
885 885
882 882
880 880
879 879
881 881
883 883
884 884
887 887
886 886
888 888
889 889
893 893
892 892
891 891
897 897
895 895
894 894
896 896
898 898
899 899
913 913
906 906
903 903
902 902
901 901
904 904
905 905
910 910
908 908
907 907
909 909
911 911
912 912
920 920
917 917
915 915
914 914
916 916
918 918
919 919
922 922
921 921
923 923
924 924
946 946
934 934
930 930
927 927
926 926
928 928
929 929
932 932
931 931
933 933
940 940
936 936
935 935
938 938
937 937
939 939
943 943
942 942
941 941
944 944
945 945
957 957
953 953
950 950
948 948
947 947
949 949
951 951
952 952
955 955
954 954
956 956
964 964
961 961
959 959
958 958
960 960
962 962
963 963
966 966
965 965
1013 1013
990 990
979 979
975 975
971 971
969 969
968 968
970 970
973 973
972 972
974 974
977 977
976 976
978 978
984 984
981 981
980 980
982 982
983 983
987 987
986 986
985 985
988 988
989 989
1004 1004
996 996
994 994
992 992
991 991
993 993
995 995
1000 1000
998 998
997 997
999 999
1002 1002
1001 1001
1003 1003
1008 1008
1006 1006
1005 1005
1007 1007
1010 1010
1009 1009
1011 1011
1012 1012
1038 1038
1025 1025
1020 1020
1017 1017
1015 1015
1014 1014
1016 1016
1018 1018
1019 1019
1022 1022
1021 1021
1023 1023
1024 1024
1031 1031
1028 1028
1026 1026
1027 1027
1030 1030
1029 1029
1035 1035
1033 1033
1032 1032
1034 1034
1036 1036
1037 1037
1049 1049
1044 1044
1040 1040
1039 1039
1042 1042
1041 1041
1043 1043
1046 1046
1045 1045
1047 1047
1048 1048
1055 1055
1052 1052
1051 1051
1050 1050
1053 1053
1054 1054
1057 1057
1056 1056
1058 1058
1243 1243
1149 1149
1104 1104
1080 1080
1068 1068
1064 1064
1061 1061
1060 1060
1063 1063
1062 1062
1066 1066
1065 1065
1067 1067
1075 1075
1072 1072
1070 1070
1069 1069
1071 1071
1074 1074
1073 1073
1078 1078
1077 1077
1076 1076
1079 1079
1091 1091
1087 1087
1083 1083
1082 1082
1081 1081
1085 1085
1084 1084
1086 1086
1089 1089
1088 1088
1090 1090
1097 1097
1093 1093
1092 1092
1095 1095
1094 1094
1096 1096
1101 1101
1099 1099
1098 1098
1100 1100
1103 1103
1102 1102
1127 1127
1115 1115
1109 1109
1107 1107
1106 1106
1105 1105
1108 1108
1113 1113
1111 1111
1110 1110
1112 1112
1114 1114
1122 1122
1118 1118
1117 1117
1116 1116
1120 1120
1119 1119
1121 1121
1125 1125
1124 1124
1123 1123
1126 1126
1137 1137
1133 1133
1129 1129
1128 1128
1131 1131
1130 1130
1132 1132
1135 1135
1134 1134
1136 1136
1143 1143
1140 1140
1139 1139
1138 1138
1142 1142
1141 1141
1145 1145
1144 1144
1147 1147
1146 1146
1148 1148
1193 1193
1169 1169
1159 1159
1154 1154
1151 1151
1150 1150
1153 1153
1152 1152
1157 1157
1155 1155
1156 1156
1158 1158
1162 1162
1161 1161
1160 1160
1166 1166
1164 1164
1163 1163
1165 1165
1167 1167
1168 1168
1181 1181
1175 1175
1173 1173
1171 1171
1170 1170
1172 1172
1174 1174
1179 1179
1177 1177
1176 1176
1178 1178
1180 1180
1187 1187
1183 1183
1182 1182
1185 1185
1184 1184
1186 1186
1189 1189
1188 1188
1191 1191
1190 1190
1192 1192
1217 1217
1205 1205
1200 1200
1196 1196
1194 1194
1195 1195
1198 1198
1197 1197
1199 1199
1202 1202
1201 1201
1203 1203
1204 1204
1211 1211
1209 1209
1207 1207
1206 1206
1208 1208
1210 1210
1215 1215
1213 1213
1212 1212
1214 1214
1216 1216
1229 1229
1223 1223
1221 1221
1219 1219
1218 1218
1220 1220
1222 1222
1227 1227
1225 1225
1224 1224
1226 1226
1228 1228
1236 1236
1233 1233
1231 1231
1230 1230
1232 1232
1234 1234
1235 1235
1240 1240
1238 1238
1237 1237
1239 1239
1241 1241
1242 1242
1333 1333
1293 1293
1270 1270
1257 1257
1251 1251
1247 1247
1245 1245
1244 1244
1246 1246
1249 1249
1248 1248
1250 1250
1255 1255
1253 1253
1252 1252
1254 1254
1256 1256
1263 1263
1259 1259
1258 1258
1261 1261
1260 1260
1262 1262
1267 1267
1265 1265
1264 1264
1266 1266
1268 1268
1269 1269
1280 1280
1276 1276
1272 1272
1271 1271
1274 1274
1273 1273
1275 1275
1278 1278
1277 1277
1279 1279
1288 1288
1284 1284
1282 1282
1281 1281
1283 1283
1286 1286
1285 1285
1287 1287
1290 1290
1289 1289
1292 1292
1291 1291
1312 1312
1301 1301
1296 1296
1295 1295
1294 1294
1298 1298
1297 1297
1300 1300
1299 1299
1308 1308
1305 1305
1303 1303
1302 1302
1304 1304
1306 1306
1307 1307
1310 1310
1309 1309
1311 1311
1322 1322
1317 1317
1314 1314
1313 1313
1316 1316
1315 1315
1320 1320
1319 1319
1318 1318
1321 1321
1328 1328
1326 1326
1324 1324
1323 1323
1325 1325
1327 1327
1331 1331
1330 1330
1329 1329
1332 1332
1383 1383
1359 1359
1343 1343
1338 1338
1335 1335
1334 1334
1336 1336
1337 1337
1341 1341
1340 1340
1339 1339
1342 1342
1351 1351
1347 1347
1345 1345
1344 1344
1346 1346
1349 1349
1348 1348
1350 1350
1355 1355
1353 1353
1352 1352
1354 1354
1357 1357
1356 1356
1358 1358
1370 1370
1362 1362
1360 1360
1361 1361
1366 1366
1364 1364
1363 1363
1365 1365
1368 1368
1367 1367
1369 1369
1376 1376
1374 1374
1372 1372
1371 1371
1373 1373
1375 1375
1379 1379
1378 1378
1377 1377
1381 1381
1380 1380
1382 1382
1408 1408
1395 1395
1389 1389
1387 1387
1385 1385
1384 1384
1386 1386
1388 1388
1392 1392
1390 1390
1391 1391
1393 1393
1394 1394
1401 1401
1397 1397
1396 1396
1399 1399
1398 1398
1400 1400
1405 1405
1403 1403
1402 1402
1404 1404
1407 1407
1406 1406
1417 1417
1412 1412
1410 1410
1409 1409
1411 1411
1414 1414
1413 1413
1415 1415
1416 1416
1421 1421
1419 1419
1418 1418
1420 1420
1423 1423
1422 1422
1425 1425
1424 1424
1426 1426
1785 1785
1610 1610
1517 1517
1474 1474
1450 1450
1438 1438
1433 1433
1431 1431
1429 1429
1428 1428
1430 1430
1432 1432
1436 1436
1434 1434
1435 1435
1437 1437
1443 1443
1440 1440
1439 1439
1441 1441
1442 1442
1447 1447
1445 1445
1444 1444
1446 1446
1448 1448
1449 1449
1462 1462
1457 1457
1454 1454
1452 1452
1451 1451
1453 1453
1455 1455
1456 1456
1460 1460
1459 1459
1458 1458
1461 1461
1468 1468
1466 1466
1464 1464
1463 1463
1465 1465
1467 1467
1471 1471
1470 1470
1469 1469
1473 1473
1472 1472
1496 1496
1484 1484
1479 1479
1476 1476
1475 1475
1477 1477
1478 1478
1482 1482
1481 1481
1480 1480
1483 1483
1489 1489
1487 1487
1486 1486
1485 1485
1488 1488
1492 1492
1490 1490
1491 1491
1494 1494
1493 1493
1495 1495
1507 1507
1502 1502
1498 1498
1497 1497
1500 1500
1499 1499
1501 1501
1505 1505
1503 1503
1504 1504
1506 1506
1512 1512
1510 1510
1509 1509
1508 1508
1511 1511
1515 1515
1513 1513
1514 1514
1516 1516
1557 1557
1537 1537
1527 1527
1523 1523
1520 1520
1519 1519
1518 1518
1522 1522
1521 1521
1525 1525
1524 1524
1526 1526
1534 1534
1531 1531
1529 1529
1528 1528
1530 1530
1533 1533
1532 1532
1535 1535
1536 1536
1548 1548
1545 1545
1541 1541
1539 1539
1538 1538
1540 1540
1543 1543
1542 1542
1544 1544
1546 1546
1547 1547
1553 1553
1550 1550
1549 1549
1552 1552
1551 1551
1555 1555
1554 1554
1556 1556
1581 1581
1571 1571
1564 1564
1560 1560
1558 1558
1559 1559
1562 1562
1561 1561
1563 1563
1568 1568
1566 1566
1565 1565
1567 1567
1570 1570
1569 1569
1577 1577
1573 1573
1572 1572
1575 1575
1574 1574
1576 1576
1579 1579
1578 1578
1580 1580
1596 1596
1588 1588
1585 1585
1583 1583
1582 1582
1584 1584
1587 1587
1586 1586
1592 1592
1590 1590
1589 1589
1591 1591
1594 1594
1593 1593
1595 1595
1602 1602
1599 1599
1598 1598
1597 1597
1601 1601
1600 1600
1606 1606
1604 1604
1603 1603
1605 1605
1608 1608
1607 1607
1609 1609
1698 1698
1656 1656
1634 1634
1624 1624
1618 1618
1614 1614
1612 1612
1611 1611
1613 1613
1616 1616
1615 1615
1617 1617
1620 1620
1619 1619
1622 1622
1621 1621
1623 1623
1630 1630
1628 1628
1626 1626
1625 1625
1627 1627
1629 1629
1632 1632
1631 1631
1633 1633
1645 1645
1638 1638
1636 1636
1635 1635
1637 1637
1642 1642
1640 1640
1639 1639
1641 1641
1643 1643
1644 1644
1652 1652
1649 1649
1647 1647
1646 1646
1648 1648
1651 1651
1650 1650
1654 1654
1653 1653
1655 1655
1673 1673
1665 1665
1659 1659
1657 1657
1658 1658
1661 1661
1660 1660
1663 1663
1662 1662
1664 1664
1670 1670
1668 1668
1667 1667
1666 1666
1669 1669
1672 1672
1671 1671
1684 1684
1678 1678
1675 1675
1674 1674
1676 1676
1677 1677
1682 1682
1680 1680
1679 1679
1681 1681
1683 1683
1692 1692
1688 1688
1686 1686
1685 1685
1687 1687
1690 1690
1689 1689
1691 1691
1694 1694
1693 1693
1696 1696
1695 1695
1697 1697
1739 1739
1719 1719
1706 1706
1703 1703
1701 1701
1699 1699
1700 1700
1702 1702
1705 1705
1704 1704
1711 1711
1708 1708
1707 1707
1709 1709
1710 1710
1715 1715
1713 1713
1712 1712
1714 1714
1717 1717
1716 1716
1718 1718
1730 1730
1724 1724
1722 1722
1721 1721
1720 1720
1723 1723
1726 1726
1725 1725
1728 1728
1727 1727
1729 1729
1733 1733
1732 1732
1731 1731
1735 1735
1734 1734
1737 1737
1736 1736
1738 1738
1760 1760
1751 1751
1745 1745
1743 1743
1741 1741
1740 1740
1742 1742
1744 1744
1749 1749
1747 1747
1746 1746
1748 1748
1750 1750
1757 1757
1755 1755
1753 1753
1752 1752
1754 1754
1756 1756
1759 1759
1758 1758
1771 1771
1765 1765
1762 1762
1761 1761
1763 1763
1764 1764
1769 1769
1767 1767
1766 1766
1768 1768
1770 1770
1777 1777
1775 1775
1773 1773
1772 1772
1774 1774
1776 1776
1781 1781
1779 1779
1778 1778
1780 1780
1783 1783
1782 1782
1784 1784
1967 1967
1876 1876
1830 1830
1810 1810
1798 1798
1790 1790
1788 1788
1786 1786
1787 1787
1789 1789
1794 1794
1792 1792
1791 1791
1793 1793
1796 1796
1795 1795
1797 1797
1806 1806
1802 1802
1800 1800
1799 1799
1801 1801
1804 1804
1803 1803
1805 1805
1808 1808
1807 1807
1809 1809
1820 1820
1814 1814
1812 1812
1811 1811
1813 1813
1816 1816
1815 1815
1818 1818
1817 1817
1819 1819
1827 1827
1824 1824
1822 1822
1821 1821
1823 1823
1826 1826
1825 1825
1829 1829
1828 1828
1856 1856
1844 1844
1838 1838
1834 1834
1832 1832
1831 1831
1833 1833
1836 1836
1835 1835
1837 1837
1842 1842
1840 1840
1839 1839
1841 1841
1843 1843
1850 1850
1848 1848
1846 1846
1845 1845
1847 1847
1849 1849
1854 1854
1852 1852
1851 1851
1853 1853
1855 1855
1866 1866
1861 1861
1859 1859
1857 1857
1858 1858
1860 1860
1863 1863
1862 1862
1864 1864
1865 1865
1872 1872
1868 1868
1867 1867
1870 1870
1869 1869
1871 1871
1874 1874
1873 1873
1875 1875
1920 1920
1895 1895
1885 1885
1880 1880
1878 1878
1877 1877
1879 1879
1882 1882
1881 1881
1883 1883
1884 1884
1890 1890
1888 1888
1887 1887
1886 1886
1889 1889
1893 1893
1892 1892
1891 1891
1894 1894
1907 1907
1901 1901
1897 1897
1896 1896
1899 1899
1898 1898
1900 1900
1905 1905
1903 1903
1902 1902
1904 1904
1906 1906
1914 1914
1911 1911
1909 1909
1908 1908
1910 1910
1913 1913
1912 1912
1916 1916
1915 1915
1918 1918
1917 1917
1919 1919
1945 1945
1933 1933
1927 1927
1923 1923
1922 1922
1921 1921
1925 1925
1924 1924
1926 1926
1931 1931
1929 1929
1928 1928
1930 1930
1932 1932
1938 1938
1936 1936
1935 1935
1934 1934
1937 1937
1942 1942
1940 1940
1939 1939
1941 1941
1943 1943
1944 1944
1955 1955
1950 1950
1947 1947
1946 1946
1948 1948
1949 1949
1953 1953
1951 1951
1952 1952
1954 1954
1960 1960
1958 1958
1956 1956
1957 1957
1959 1959
1964 1964
1962 1962
1961 1961
1963 1963
1965 1965
1966 1966
2063 2063
2016 2016
1993 1993
1981 1981
1975 1975
1971 1971
1969 1969
1968 1968
1970 1970
1973 1973
1972 1972
1974 1974
1977 1977
1976 1976
1979 1979
1978 1978
1980 1980
1989 1989
1985 1985
1983 1983
1982 1982
1984 1984
1987 1987
1986 1986
1988 1988
1991 1991
1990 1990
1992 1992
2004 2004
1998 1998
1995 1995
1994 1994
1996 1996
1997 1997
2002 2002
2000 2000
1999 1999
2001 2001
2003 2003
2010 2010
2008 2008
2006 2006
2005 2005
2007 2007
2009 2009
2012 2012
2011 2011
2014 2014
2013 2013
2015 2015
2040 2040
2028 2028
2022 2022
2020 2020
2018 2018
2017 2017
2019 2019
2021 2021
2026 2026
2024 2024
2023 2023
2025 2025
2027 2027
2034 2034
2030 2030
2029 2029
2032 2032
2031 2031
2033 2033
2038 2038
2036 2036
2035 2035
2037 2037
2039 2039
2053 2053
2047 2047
2044 2044
2042 2042
2041 2041
2043 2043
2045 2045
2046 2046
2051 2051
2049 2049
2048 2048
2050 2050
2052 2052
2060 2060
2056 2056
2055 2055
2054 2054
2058 2058
2057 2057
2059 2059
2062 2062
2061 2061
2110 2110
2085 2085
2075 2075
2070 2070
2067 2067
2065 2065
2064 2064
2066 2066
2068 2068
2069 2069
2073 2073
2072 2072
2071 2071
2074 2074
2080 2080
2078 2078
2077 2077
2076 2076
2079 2079
2083 2083
2082 2082
2081 2081
2084 2084
2099 2099
2093 2093
2089 2089
2087 2087
2086 2086
2088 2088
2091 2091
2090 2090
2092 2092
2097 2097
2095 2095
2094 2094
2096 2096
2098 2098
2105 2105
2103 2103
2101 2101
2100 2100
2102 2102
2104 2104
2107 2107
2106 2106
2108 2108
2109 2109
2134 2134
2123 2123
2115 2115
2112 2112
2111 2111
2113 2113
2114 2114
2119 2119
2117 2117
2116 2116
2118 2118
2121 2121
2120 2120
2122 2122
2129 2129
2127 2127
2125 2125
2124 2124
2126 2126
2128 2128
2131 2131
2130 2130
2133 2133
2132 2132
2147 2147
2142 2142
2138 2138
2136 2136
2135 2135
2137 2137
2140 2140
2139 2139
2141 2141
2144 2144
2143 2143
2146 2146
2145 2145
2153 2153
2149 2149
2148 2148
2151 2151
2150 2150
2152 2152
2155 2155
2154 2154
2157 2157
2156 2156
2158 2158
3627 1127
2894 394
2519 19
2336 2336
2249 2249
2204 2204
2183 2183
2173 2173
2166 2166
2163 2163
2161 2161
2160 2160
2162 2162
2165 2165
2164 2164
2170 2170
2168 2168
2167 2167
2169 2169
2171 2171
2172 2172
2180 2180
2176 2176
2174 2174
2175 2175
2178 2178
2177 2177
2179 2179
2182 2182
2181 2181
2192 2192
2187 2187
2185 2185
2184 2184
2186 2186
2189 2189
2188 2188
2190 2190
2191 2191
2198 2198
2196 2196
2194 2194
2193 2193
2195 2195
2197 2197
2202 2202
2200 2200
2199 2199
2201 2201
2203 2203
2225 2225
2216 2216
2210 2210
2208 2208
2206 2206
2205 2205
2207 2207
2209 2209
2214 2214
2212 2212
2211 2211
2213 2213
2215 2215
2222 2222
2220 2220
2218 2218
2217 2217
2219 2219
2221 2221
2224 2224
2223 2223
2235 2235
2230 2230
2227 2227
2226 2226
2229 2229
2228 2228
2233 2233
2232 2232
2231 2231
2234 2234
2243 2243
2239 2239
2237 2237
2236 2236
2238 2238
2241 2241
2240 2240
2242 2242
2247 2247
2245 2245
2244 2244
2246 2246
2248 2248
2289 2289
2270 2270
2260 2260
2255 2255
2252 2252
2250 2250
2251 2251
2253 2253
2254 2254
2258 2258
2257 2257
2256 2256
2259 2259
2266 2266
2263 2263
2262 2262
2261 2261
2265 2265
2264 2264
2268 2268
2267 2267
2269 2269
2279 2279
2274 2274
2272 2272
2271 2271
2273 2273
2276 2276
2275 2275
2278 2278
2277 2277
2284 2284
2282 2282
2281 2281
2280 2280
2283 2283
2287 2287
2285 2285
2286 2286
2288 2288
2312 2312
2300 2300
2294 2294
2292 2292
2290 2290
2291 2291
2293 2293
2296 2296
2295 2295
2298 2298
2297 2297
2299 2299
2305 2305
2302 2302
2301 2301
2304 2304
2303 2303
2308 2308
2306 2306
2307 2307
2310 2310
2309 2309
2311 2311
2324 2324
2318 2318
2315 2315
2314 2314
2313 2313
2316 2316
2317 2317
2322 2322
2320 2320
2319 2319
2321 2321
2323 2323
2329 2329
2327 2327
2326 2326
2325 2325
2328 2328
2332 2332
2330 2330
2331 2331
2334 2334
2333 2333
2335 2335
2427 2427
2380 2380
2359 2359
2350 2350
2342 2342
2340 2340
2338 2338
2337 2337
2339 2339
2341 2341
2346 2346
2344 2344
2343 2343
2345 2345
2348 2348
2347 2347
2349 2349
2353 2353
2352 2352
2351 2351
2355 2355
2354 2354
2357 2357
2356 2356
2358 2358
2369 2369
2364 2364
2362 2362
2361 2361
2360 2360
2363 2363
2366 2366
2365 2365
2368 2368
2367 2367
2374 2374
2372 2372
2370 2370
2371 2371
2373 2373
2376 2376
2375 2375
2378 2378
2377 2377
2379 2379
2406 2406
2393 2393
2387 2387
2383 2383
2382 2382
2381 2381
2385 2385
2384 2384
2386 2386
2389 2389
2388 2388
2391 2391
2390 2390
2392 2392
2399 2399
2397 2397
2395 2395
2394 2394
2396 2396
2398 2398
2403 2403
2401 2401
2400 2400
2402 2402
2404 2404
2405 2405
2419 2419
2412 2412
2410 2410
2408 2408
2407 2407
2409 2409
2411 2411
2416 2416
2414 2414
2413 2413
2415 2415
2417 2417
2418 2418
2424 2424
2421 2421
2420 2420
2422 2422
2423 2423
2426 2426
2425 2425
2469 2469
2452 2452
2438 2438
2433 2433
2429 2429
2428 2428
2431 2431
2430 2430
2432 2432
2435 2435
2434 2434
2436 2436
2437 2437
2446 2446
2442 2442
2440 2440
2439 2439
2441 2441
2444 2444
2443 2443
2445 2445
2450 2450
2448 2448
2447 2447
2449 2449
2451 2451
2460 2460
2457 2457
2454 2454
2453 2453
2455 2455
2456 2456
2458 2458
2459 2459
2464 2464
2462 2462
2461 2461
2463 2463
2466 2466
2465 2465
2467 2467
2468 2468
2493 2493
2479 2479
2475 2475
2473 2473
2471 2471
2470 2470
2472 2472
2474 2474
2477 2477
2476 2476
2478 2478
2486 2486
2483 2483
2481 2481
2480 2480
2482 2482
2484 2484
2485 2485
2490 2490
2488 2488
2487 2487
2489 2489
2491 2491
2492 2492
2507 7
2500 0
2497 2497
2495 2495
2494 2494
2496 2496
2499 2499
2498 2498
2504 4
2502 2
2501 1
2503 3
2505 5
2506 6
2513 13
2511 11
2509 9
2508 8
2510 10
2512 12
2515 15
2514 14
2517 17
2516 16
2518 18
2710 210
2613 113
2565 65
2541 41
2530 30
2524 24
2522 22
2521 21
2520 20
2523 23
2528 28
2526 26
2525 25
2527 27
2529 29
2536 36
2534 34
2532 32
2531 31
2533 33
2535 35
2538 38
2537 37
2539 39
2540 40
2552 52
2547 47
2544 44
2543 43
2542 42
2546 46
2545 45
2549 49
2548 48
2550 50
2551 51
2558 58
2555 55
2554 54
2553 53
2557 57
2556 56
2562 62
2560 60
2559 59
2561 61
2564 64
2563 63
2588 88
2577 77
2572 72
2568 68
2567 67
2566 66
2570 70
2569 69
2571 71
2575 75
2574 74
2573 73
2576 76
2583 83
2579 79
2578 78
2581 81
2580 80
2582 82
2586 86
2585 85
2584 84
2587 87
2598 98
2593 93
2591 91
2589 89
2590 90
2592 92
2595 95
2594 94
2596 96
2597 97
2606 106
2602 102
2600 100
2599 99
2601 101
2604 104
2603 103
2605 105
2609 109
2608 108
2607 107
2611 111
2610 110
2612 112
2660 160
2637 137
2625 125
2620 120
2617 117
2615 115
2614 114
2616 116
2618 118
2619 119
2622 122
2621 121
2623 123
2624 124
2631 131
2629 129
2627 127
2626 126
2628 128
2630 130
2633 133
2632 132
2635 135
2634 134
2636 136
2647 147
2642 142
2640 140
2639 139
2638 138
2641 141
2645 145
2644 144
2643 143
2646 146
2653 153
2649 149
2648 148
2651 151
2650 150
2652 152
2657 157
2655 155
2654 154
2656 156
2659 159
2658 158
2684 184
2671 171
2666 166
2663 163
2662 162
2661 161
2665 165
2664 164
2668 168
2667 167
2670 170
2669 169
2677 177
2675 175
2673 173
2672 172
2674 174
2676 176
2680 180
2679 179
2678 178
2682 182
2681 181
2683 183
2696 196
2690 190
2686 186
2685 185
2688 188
2687 187
2689 189
2692 192
2691 191
2694 194
2693 193
2695 195
2704 204
2700 200
2698 198
2697 197
2699 199
2702 202
2701 201
2703 203
2706 206
2705 205
2708 208
2707 207
2709 209
2804 304
2764 264
2739 239
2725 225
2717 217
2713 213
2712 212
2711 211
2715 215
2714 214
2716 216
2721 221
2719 219
2718 218
2720 220
2723 223
2722 222
2724 224
2732 232
2728 228
2726 226
2727 227
2730 230
2729 229
2731 231
2736 236
2734 234
2733 233
2735 235
2738 238
2737 237
2753 253
2747 247
2743 243
2741 241
2740 240
2742 242
2745 245
2744 244
2746 246
2751 251
2749 249
2748 248
2750 250
2752 252
2760 260
2757 257
2755 255
2754 254
2756 256
2759 259
2758 258
2762 262
2761 261
2763 263
2785 285
2774 274
2767 267
2766 266
2765 265
2771 271
2769 269
2768 268
2770 270
2773 273
2772 272
2781 281
2778 278
2776 276
2775 275
2777 277
2779 279
2780 280
2783 283
2782 282
2784 284
2794 294
2791 291
2788 288
2787 287
2786 286
2790 290
2789 289
2793 293
2792 292
2801 301
2798 298
2796 296
2795 295
2797 297
2800 300
2799 299
2802 302
2803 303
2845 345
2824 324
2814 314
2808 308
2806 306
2805 305
2807 307
2810 310
2809 309
2812 312
2811 311
2813 313
2821 321
2817 317
2816 316
2815 315
2819 319
2818 318
2820 320
2823 323
2822 322
2833 333
2828 328
2826 326
2825 325
2827 327
2830 330
2829 329
2831 331
2832 332
2841 341
2837 337
2835 335
2834 334
2836 336
2839 339
2838 338
2840 340
2843 343
2842 342
2844 344
2868 368
2856 356
2852 352
2848 348
2847 347
2846 346
2850 350
2849 349
2851 351
2854 354
2853 353
2855 355
2864 364
2860 360
2858 358
2857 357
2859 359
2862 362
2861 361
2863 363
2866 366
2865 365
2867 367
2884 384
2876 376
2872 372
2870 370
2869 369
2871 371
2874 374
2873 373
2875 375
2880 380
2878 378
2877 377
2879 379
2882 382
2881 381
2883 383
2887 387
2885 385
2886 386
2891 391
2889 389
2888 388
2890 390
2892 392
2893 393
3244 744
3067 567
2981 481
2935 435
2914 414
2903 403
2899 399
2897 397
2896 396
2895 395
2898 398
2901 401
2900 400
2902 402
2910 410
2907 407
2905 405
2904 404
2906 406
2909 409
2908 408
2912 412
2911 411
2913 413
2925 425
2922 422
2918 418
2916 416
2915 415
2917 417
2920 420
2919 419
2921 421
2924 424
2923 423
2932 432
2929 429
2927 427
2926 426
2928 428
2930 430
2931 431
2934 434
2933 433
2960 460
2948 448
2943 443
2939 439
2937 437
2936 436
2938 438
2941 441
2940 440
2942 442
2945 445
2944 444
2946 446
2947 447
2952 452
2950 450
2949 449
2951 451
2956 456
2954 454
2953 453
2955 455
2958 458
2957 457
2959 459
2971 471
2966 466
2964 464
2962 462
2961 461
2963 463
2965 465
2969 469
2967 467
2968 468
2970 470
2978 478
2975 475
2973 473
2972 472
2974 474
2976 476
2977 477
2979 479
2980 480
3027 527
3003 503
2993 493
2989 489
2985 485
2983 483
2982 482
2984 484
2987 487
2986 486
2988 488
2991 491
2990 490
2992 492
2997 497
2995 495
2994 494
2996 496
2999 499
2998 498
3001 501
3000 500
3002 502
3013 513
3010 510
3007 507
3005 505
3004 504
3006 506
3008 508
3009 509
3012 512
3011 511
3021 521
3017 517
3015 515
3014 514
3016 516
3019 519
3018 518
3020 520
3024 524
3023 523
3022 522
3025 525
3026 526
3046 546
3035 535
3030 530
3029 529
3028 528
3032 532
3031 531
3033 533
3034 534
3040 540
3038 538
3037 537
3036 536
3039 539
3044 544
3042 542
3041 541
3043 543
3045 545
3056 556
3049 549
3048 548
3047 547
3053 553
3051 551
3050 550
3052 552
3054 554
3055 555
3061 561
3059 559
3058 558
3057 557
3060 560
3064 564
3063 563
3062 562
3066 566
3065 565
3147 647
3107 607
3087 587
3076 576
3073 573
3071 571
3069 569
3068 568
3070 570
3072 572
3074 574
3075 575
3083 583
3080 580
3078 578
3077 577
3079 579
3082 582
3081 581
3085 585
3084 584
3086 586
3097 597
3093 593
3090 590
3089 589
3088 588
3092 592
3091 591
3095 595
3094 594
3096 596
3104 604
3101 601
3099 599
3098 598
3100 600
3102 602
3103 603
3105 605
3106 606
3128 628
3119 619
3114 614
3111 611
3109 609
3108 608
3110 610
3112 612
3113 613
3116 616
3115 615
3118 618
3117 617
3122 622
3120 620
3121 621
3124 624
3123 623
3126 626
3125 625
3127 627
3136 636
3131 631
3130 630
3129 629
3133 633
3132 632
3134 634
3135 635
3142 642
3140 640
3138 638
3137 637
3139 639
3141 641
3144 644
3143 643
3145 645
3146 646
3195 695
3172 672
3160 660
3153 653
3149 649
3148 648
3151 651
3150 650
3152 652
3156 656
3154 654
3155 655
3158 658
3157 657
3159 659
3166 666
3163 663
3162 662
3161 661
3165 665
3164 664
3168 668
3167 667
3170 670
3169 669
3171 671
3183 683
3176 676
3174 674
3173 673
3175 675
3180 680
3178 678
3177 677
3179 679
3181 681
3182 682
3189 689
3187 687
3185 685
3184 684
3186 686
3188 688
3191 691
3190 690
3193 693
3192 692
3194 694
3219 719
3206 706
3200 700
3198 698
3197 697
3196 696
3199 699
3204 704
3202 702
3201 701
3203 703
3205 705
3212 712
3208 708
3207 707
3210 710
3209 709
3211 711
3216 716
3214 714
3213 713
3215 715
3217 717
3218 718
3231 731
3225 725
3223 723
3221 721
3220 720
3222 722
3224 724
3229 729
3227 727
3226 726
3228 728
3230 730
3237 737
3234 734
3232 732
3233 733
3235 735
3236 736
3241 741
3239 739
3238 738
3240 740
3243 743
3242 742
3435 935
3337 837
3288 788
3266 766
3255 755
3251 751
3247 747
3246 746
3245 745
3249 749
3248 748
3250 750
3253 753
3252 752
3254 754
3259 759
3257 757
3256 756
3258 758
3263 763
3261 761
3260 760
3262 762
3264 764
3265 765
3276 776
3271 771
3269 769
3268 768
3267 767
3270 770
3274 774
3273 773
3272 772
3275 775
3282 782
3280 780
3278 778
3277 777
3279 779
3281 781
3286 786
3284 784
3283 783
3285 785
3287 787
3313 813
3301 801
3295 795
3292 792
3290 790
3289 789
3291 791
3293 793
3294 794
3299 799
3297 797
3296 796
3298 798
3300 800
3307 807
3304 804
3302 802
3303 803
3305 805
3306 806
3311 811
3309 809
3308 808
3310 810
3312 812
3326 826
3320 820
3317 817
3315 815
3314 814
3316 816
3318 818
3319 819
3322 822
3321 821
3324 824
3323 823
3325 825
3331 831
3328 828
3327 827
3329 829
3330 830
3334 834
3332 832
3333 833
3336 836
3335 835
3388 888
3363 863
3350 850
3343 843
3341 841
3339 839
3338 838
3340 840
3342 842
3347 847
3345 845
3344 844
3346 846
3349 849
3348 848
3358 858
3354 854
3352 852
3351 851
3353 853
3356 856
3355 855
3357 857
3361 861
3359 859
3360 860
3362 862
3376 876
3370 870
3366 866
3364 864
3365 865
3368 868
3367 867
3369 869
3372 872
3371 871
3374 874
3373 873
3375 875
3381 881
3378 878
3377 877
3379 879
3380 880
3385 885
3383 883
3382 882
3384 884
3387 887
3386 886
3413 913
3399 899
3394 894
3391 891
3390 890
3389 889
3392 892
3393 893
3396 896
3395 895
3397 897
3398 898
3407 907
3403 903
3401 901
3400 900
3402 902
3405 905
3404 904
3406 906
3409 909
3408 908
3411 911
3410 910
3412 912
3424 924
3420 920
3416 916
3415 915
3414 914
3418 918
3417 917
3419 919
3422 922
3421 921
3423 923
3431 931
3427 927
3425 925
3426 926
3429 929
3428 928
3430 930
3433 933
3432 932
3434 934
3529 1029
3485 985
3460 960
3446 946
3442 942
3439 939
3437 937
3436 936
3438 938
3441 941
3440 940
3444 944
3443 943
3445 945
3454 954
3450 950
3448 948
3447 947
3449 949
3452 952
3451 951
3453 953
3458 958
3456 956
3455 955
3457 957
3459 959
3472 972
3465 965
3463 963
3462 962
3461 961
3464 964
3469 969
3467 967
3466 966
3468 968
3470 970
3471 971
3479 979
3476 976
3474 974
3473 973
3475 975
3477 977
3478 978
3481 981
3480 980
3483 983
3482 982
3484 984
3508 1008
3497 997
3491 991
3489 989
3487 987
3486 986
3488 988
3490 990
3494 994
3493 993
3492 992
3496 996
3495 995
3502 1002
3500 1000
3499 999
3498 998
3501 1001
3506 1006
3504 1004
3503 1003
3505 1005
3507 1007
3517 1017
3514 1014
3512 1012
3510 1010
3509 1009
3511 1011
3513 1013
3515 1015
3516 1016
3524 1024
3521 1021
3519 1019
3518 1018
3520 1020
3523 1023
3522 1022
3527 1027
3526 1026
3525 1025
3528 1028
3580 1080
3555 1055
3541 1041
3535 1035
3533 1033
3531 1031
3530 1030
3532 1032
3534 1034
3539 1039
3537 1037
3536 1036
3538 1038
3540 1040
3547 1047
3545 1045
3543 1043
3542 1042
3544 1044
3546 1046
3551 1051
3549 1049
3548 1048
3550 1050
3553 1053
3552 1052
3554 1054
3567 1067
3561 1061
3559 1059
3557 1057
3556 1056
3558 1058
3560 1060
3565 1065
3563 1063
3562 1062
3564 1064
3566 1066
3572 1072
3570 1070
3568 1068
3569 1069
3571 1071
3576 1076
3574 1074
3573 1073
3575 1075
3578 1078
3577 1077
3579 1079
3604 1104
3593 1093
3588 1088
3584 1084
3582 1082
3581 1081
3583 1083
3586 1086
3585 1085
3587 1087
3590 1090
3589 1089
3591 1091
3592 1092
3598 1098
3595 1095
3594 1094
3597 1097
3596 1096
3602 1102
3600 1100
3599 1099
3601 1101
3603 1103
3617 1117
3611 1111
3607 1107
3605 1105
3606 1106
3609 1109
3608 1108
3610 1110
3615 1115
3613 1113
3612 1112
3614 1114
3616 1116
3622 1122
3619 1119
3618 1118
3620 1120
3621 1121
3625 1125
3624 1124
3623 1123
3626 1126
4380 1880
4009 1509
3821 1321
3725 1225
3673 1173
3649 1149
3637 1137
3632 1132
3630 1130
3629 1129
3628 1128
3631 1131
3634 1134
3633 1133
3635 1135
3636 1136
3642 1142
3640 1140
3639 1139
3638 1138
3641 1141
3645 1145
3643 1143
3644 1144
3647 1147
3646 1146
3648 1148
3660 1160
3655 1155
3653 1153
3651 1151
3650 1150
3652 1152
3654 1154
3657 1157
3656 1156
3658 1158
3659 1159
3667 1167
3664 1164
3662 1162
3661 1161
3663 1163
3666 1166
3665 1165
3671 1171
3669 1169
3668 1168
3670 1170
3672 1172
3700 1200
3688 1188
3680 1180
3676 1176
3674 1174
3675 1175
3678 1178
3677 1177
3679 1179
3684 1184
3682 1182
3681 1181
3683 1183
3686 1186
3685 1185
3687 1187
3695 1195
3692 1192
3690 1190
3689 1189
3691 1191
3693 1193
3694 1194
3697 1197
3696 1196
3698 1198
3699 1199
3715 1215
3708 1208
3704 1204
3702 1202
3701 1201
3703 1203
3706 1206
3705 1205
3707 1207
3712 1212
3710 1210
3709 1209
3711 1211
3713 1213
3714 1214
3718 1218
3716 1216
3717 1217
3722 1222
3720 1220
3719 1219
3721 1221
3723 1223
3724 1224
3773 1273
3748 1248
3734 1234
3729 1229
3727 1227
3726 1226
3728 1228
3731 1231
3730 1230
3732 1232
3733 1233
3742 1242
3738 1238
3736 1236
3735 1235
3737 1237
3740 1240
3739 1239
3741 1241
3746 1246
3744 1244
3743 1243
3745 1245
3747 1247
3760 1260
3755 1255
3752 1252
3750 1250
3749 1249
3751 1251
3754 1254
3753 1253
3758 1258
3757 1257
3756 1256
3759 1259
3768 1268
3764 1264
3762 1262
3761 1261
3763 1263
3766 1266
3765 1265
3767 1267
3771 1271
3770 1270
3769 1269
3772 1272
3796 1296
3785 1285
3780 1280
3776 1276
3774 1274
3775 1275
3778 1278
3777 1277
3779 1279
3783 1283
3782 1282
3781 1281
3784 1284
3791 1291
3788 1288
3786 1286
3787 1287
3790 1290
3789 1289
3794 1294
3792 1292
3793 1293
3795 1295
3808 1308
3803 1303
3800 1300
3798 1298
3797 1297
3799 1299
3801 1301
3802 1302
3806 1306
3805 1305
3804 1304
3807 1307
3815 1315
3812 1312
3810 1310
3809 1309
3811 1311
3813 1313
3814 1314
3817 1317
3816 1316
3819 1319
3818 1318
3820 1320
3917 1417
3865 1365
3844 1344
3833 1333
3826 1326
3823 1323
3822 1322
3824 1324
3825 1325
3829 1329
3827 1327
3828 1328
3831 1331
3830 1330
3832 1332
3838 1338
3835 1335
3834 1334
3836 1336
3837 1337
3841 1341
3840 1340
3839 1339
3843 1343
3842 1342
3854 1354
3849 1349
3846 1346
3845 1345
3847 1347
3848 1348
3852 1352
3851 1351
3850 1350
3853 1353
3859 1359
3857 1357
3855 1355
3856 1356
3858 1358
3861 1361
3860 1360
3863 1363
3862 1362
3864 1364
3894 1394
3879 1379
3873 1373
3869 1369
3867 1367
3866 1366
3868 1368
3871 1371
3870 1370
3872 1372
3875 1375
3874 1374
3877 1377
3876 1376
3878 1378
3886 1386
3882 1382
3880 1380
3881 1381
3884 1384
3883 1383
3885 1385
3890 1390
3888 1388
3887 1387
3889 1389
3892 1392
3891 1391
3893 1393
3908 1408
3901 1401
3897 1397
3896 1396
3895 1395
3899 1399
3898 1398
3900 1400
3905 1405
3903 1403
3902 1402
3904 1404
3907 1407
3906 1406
3913 1413
3910 1410
3909 1409
3912 1412
3911 1411
3915 1415
3914 1414
3916 1416
3964 1464
3943 1443
3928 1428
3921 1421
3919 1419
3918 1418
3920 1420
3924 1424
3922 1422
3923 1423
3926 1426
3925 1425
3927 1427
3936 1436
3932 1432
3930 1430
3929 1429
3931 1431
3934 1434
3933 1433
3935 1435
3940 1440
3938 1438
3937 1437
3939 1439
3941 1441
3942 1442
3952 1452
3948 1448
3945 1445
3944 1444
3947 1447
3946 1446
3950 1450
3949 1449
3951 1451
3957 1457
3954 1454
3953 1453
3955 1455
3956 1456
3960 1460
3959 1459
3958 1458
3962 1462
3961 1461
3963 1463
3984 1484
3974 1474
3969 1469
3967 1467
3965 1465
3966 1466
3968 1468
3972 1472
3971 1471
3970 1470
3973 1473
3977 1477
3975 1475
3976 1476
3981 1481
3979 1479
3978 1478
3980 1480
3982 1482
3983 1483
3995 1495
3989 1489
3987 1487
3986 1486
3985 1485
3988 1488
3993 1493
3991 1491
3990 1490
3992 1492
3994 1494
4001 1501
3997 1497
3996 1496
3999 1499
3998 1498
4000 1500
4005 1505
4003 1503
4002 1502
4004 1504
4007 1507
4006 1506
4008 1508
4199 1699
4103 1603
4055 1555
4033 1533
4021 1521
4015 1515
4013 1513
4011 1511
4010 1510
4012 1512
4014 1514
4019 1519
4017 1517
4016 1516
4018 1518
4020 1520
4027 1527
4025 1525
4023 1523
4022 1522
4024 1524
4026 1526
4031 1531
4029 1529
4028 1528
4030 1530
4032 1532
4044 1544
4039 1539
4037 1537
4035 1535
4034 1534
4036 1536
4038 1538
4041 1541
4040 1540
4042 1542
4043 1543
4050 1550
4047 1547
4045 1545
4046 1546
4049 1549
4048 1548
4052 1552
4051 1551
4054 1554
4053 1553
4079 1579
4066 1566
4060 1560
4058 1558
4057 1557
4056 1556
4059 1559
4063 1563
4062 1562
4061 1561
4065 1565
4064 1564
4071 1571
4069 1569
4068 1568
4067 1567
4070 1570
4075 1575
4073 1573
4072 1572
4074 1574
4077 1577
4076 1576
4078 1578
4091 1591
4085 1585
4082 1582
4081 1581
4080 1580
4083 1583
4084 1584
4087 1587
4086 1586
4089 1589
4088 1588
4090 1590
4098 1598
4095 1595
4093 1593
4092 1592
4094 1594
4097 1597
4096 1596
4100 1600
4099 1599
4101 1601
4102 1602
4149 1649
4126 1626
4113 1613
4108 1608
4105 1605
4104 1604
4107 1607
4106 1606
4111 1611
4110 1610
4109 1609
4112 1612
4120 1620
4116 1616
4115 1615
4114 1614
4118 1618
4117 1617
4119 1619
4122 1622
4121 1621
4124 1624
4123 1623
4125 1625
4138 1638
4132 1632
4129 1629
4127 1627
4128 1628
4131 1631
4130 1630
4136 1636
4134 1634
4133 1633
4135 1635
4137 1637
4144 1644
4142 1642
4140 1640
4139 1639
4141 1641
4143 1643
4147 1647
4146 1646
4145 1645
4148 1648
4174 1674
4163 1663
4156 1656
4152 1652
4151 1651
4150 1650
4154 1654
4153 1653
4155 1655
4160 1660
4158 1658
4157 1657
4159 1659
4161 1661
4162 1662
4168 1668
4165 1665
4164 1664
4166 1666
4167 1667
4170 1670
4169 1669
4172 1672
4171 1671
4173 1673
4184 1684
4181 1681
4178 1678
4176 1676
4175 1675
4177 1677
4179 1679
4180 1680
4183 1683
4182 1682
4192 1692
4188 1688
4186 1686
4185 1685
4187 1687
4190 1690
4189 1689
4191 1691
4196 1696
4194 1694
4193 1693
4195 1695
4197 1697
4198 1698
4289 1789
4246 1746
4220 1720
4209 1709
4204 1704
4202 1702
4201 1701
4200 1700
4203 1703
4206 1706
4205 1705
4208 1708
4207 1707
4215 1715
4212 1712
4211 1711
4210 1710
4214 1714
4213 1713
4218 1718
4216 1716
4217 1717
4219 1719
4233 1733
4226 1726
4224 1724
4222 1722
4221 1721
4223 1723
4225 1725
4230 1730
4228 1728
4227 1727
4229 1729
4231 1731
4232 1732
4241 1741
4237 1737
4235 1735
4234 1734
4236 1736
4239 1739
4238 1738
4240 1740
4244 1744
4242 1742
4243 1743
4245 1745
4266 1766
4255 1755
4249 1749
4248 1748
4247 1747
4251 1751
4250 1750
4253 1753
4252 1752
4254 1754
4260 1760
4258 1758
4257 1757
4256 1756
4259 1759
4264 1764
4262 1762
4261 1761
4263 1763
4265 1765
4277 1777
4272 1772
4270 1770
4268 1768
4267 1767
4269 1769
4271 1771
4274 1774
4273 1773
4275 1775
4276 1776
4283 1783
4281 1781
4279 1779
4278 1778
4280 1780
4282 1782
4287 1787
4285 1785
4284 1784
4286 1786
4288 1788
4335 1835
4314 1814
4302 1802
4297 1797
4293 1793
4291 1791
4290 1790
4292 1792
4295 1795
4294 1794
4296 1796
4299 1799
4298 1798
4300 1800
4301 1801
4308 1808
4305 1805
4304 1804
4303 1803
4306 1806
4307 1807
4312 1812
4310 1810
4309 1809
4311 1811
4313 1813
4324 1824
4319 1819
4317 1817
4316 1816
4315 1815
4318 1818
4322 1822
4321 1821
4320 1820
4323 1823
4330 1830
4328 1828
4326 1826
4325 1825
4327 1827
4329 1829
4333 1833
4332 1832
4331 1831
4334 1834
4359 1859
4345 1845
4340 1840
4338 1838
4337 1837
4336 1836
4339 1839
4342 1842
4341 1841
4343 1843
4344 1844
4351 1851
4349 1849
4347 1847
4346 1846
4348 1848
4350 1850
4355 1855
4353 1853
4352 1852
4354 1854
4357 1857
4356 1856
4358 1858
4370 1870
4367 1867
4363 1863
4361 1861
4360 1860
4362 1862
4365 1865
4364 1864
4366 1866
4368 1868
4369 1869
4375 1875
4372 1872
4371 1871
4373 1873
4374 1874
4378 1878
4377 1877
4376 1876
4379 1879
4749 2249
4562 2062
4469 1969
4424 1924
4402 1902
4391 1891
4385 1885
4382 1882
4381 1881
4383 1883
4384 1884
4387 1887
4386 1886
4389 1889
4388 1888
4390 1890
4397 1897
4395 1895
4393 1893
4392 1892
4394 1894
4396 1896
4400 1900
4398 1898
4399 1899
4401 1901
4414 1914
4408 1908
4406 1906
4404 1904
4403 1903
4405 1905
4407 1907
4411 1911
4409 1909
4410 1910
4413 1913
4412 1912
4419 1919
4416 1916
4415 1915
4418 1918
4417 1917
4421 1921
4420 1920
4422 1922
4423 1923
4447 1947
4437 1937
4431 1931
4428 1928
4426 1926
4425 1925
4427 1927
4430 1930
4429 1929
4434 1934
4433 1933
4432 1932
4436 1936
4435 1935
4442 1942
4440 1940
4439 1939
4438 1938
4441 1941
4445 1945
4444 1944
4443 1943
4446 1946
4457 1957
4452 1952
4450 1950
4449 1949
4448 1948
4451 1951
4455 1955
4453 1953
4454 1954
4456 1956
4462 1962
4460 1960
4458 1958
4459 1959
4461 1961
4466 1966
4464 1964
4463 1963
4465 1965
4468 1968
4467 1967
4521 2021
4494 1994
4484 1984
4477 1977
4473 1973
4471 1971
4470 1970
4472 1972
4475 1975
4474 1974
4476 1976
4481 1981
4479 1979
4478 1978
4480 1980
4482 1982
4483 1983
4489 1989
4487 1987
4485 1985
4486 1986
4488 1988
4491 1991
4490 1990
4493 1993
4492 1992
4509 2009
4501 2001
4497 1997
4495 1995
4496 1996
4499 1999
4498 1998
4500 2000
4505 2005
4503 2003
4502 2002
4504 2004
4507 2007
4506 2006
4508 2008
4516 2016
4513 2013
4511 2011
4510 2010
4512 2012
4515 2015
4514 2014
4518 2018
4517 2017
4519 2019
4520 2020
4542 2042
4531 2031
4526 2026
4524 2024
4523 2023
4522 2022
4525 2025
4529 2029
4528 2028
4527 2027
4530 2030
4536 2036
4534 2034
4533 2033
4532 2032
4535 2035
4540 2040
4538 2038
4537 2037
4539 2039
4541 2041
4553 2053
4548 2048
4544 2044
4543 2043
4546 2046
4545 2045
4547 2047
4550 2050
4549 2049
4552 2052
4551 2051
4558 2058
4555 2055
4554 2054
4556 2056
4557 2057
4560 2060
4559 2059
4561 2061
4656 2156
4610 2110
4585 2085
4573 2073
4567 2067
4564 2064
4563 2063
4565 2065
4566 2066
4571 2071
4569 2069
4568 2068
4570 2070
4572 2072
4579 2079
4575 2075
4574 2074
4577 2077
4576 2076
4578 2078
4581 2081
4580 2080
4583 2083
4582 2082
4584 2084
4598 2098
4593 2093
4589 2089
4587 2087
4586 2086
4588 2088
4591 2091
4590 2090
4592 2092
4595 2095
4594 2094
4597 2097
4596 2096
4604 2104
4601 2101
4600 2100
4599 2099
4603 2103
4602 2102
4607 2107
4606 2106
4605 2105
4609 2109
4608 2108
4635 2135
4623 2123
4617 2117
4614 2114
4612 2112
4611 2111
4613 2113
4615 2115
4616 2116
4619 2119
4618 2118
4621 2121
4620 2120
4622 2122
4629 2129
4625 2125
4624 2124
4627 2127
4626 2126
4628 2128
4631 2131
4630 2130
4633 2133
4632 2132
4634 2134
4646 2146
4640 2140
4637 2137
4636 2136
4639 2139
4638 2138
4642 2142
4641 2141
4644 2144
4643 2143
4645 2145
4651 2151
4648 2148
4647 2147
4650 2150
4649 2149
4654 2154
4653 2153
4652 2152
4655 2155
4702 2202
4681 2181
4670 2170
4664 2164
4660 2160
4658 2158
4657 2157
4659 2159
4662 2162
4661 2161
4663 2163
4667 2167
4666 2166
4665 2165
4669 2169
4668 2168
4675 2175
4672 2172
4671 2171
4673 2173
4674 2174
4678 2178
4677 2177
4676 2176
4680 2180
4679 2179
4692 2192
4686 2186
4684 2184
4683 2183
4682 2182
4685 2185
4689 2189
4687 2187
4688 2188
4690 2190
4691 2191
4697 2197
4695 2195
4694 2194
4693 2193
4696 2196
4699 2199
4698 2198
4700 2200
4701 2201
4726 2226
4715 2215
4709 2209
4705 2205
4704 2204
4703 2203
4707 2207
4706 2206
4708 2208
4713 2213
4711 2211
4710 2210
4712 2212
4714 2214
4721 2221
4718 2218
4716 2216
4717 2217
4720 2220
4719 2219
4724 2224
4723 2223
4722 2222
4725 2225
4739 2239
4732 2232
4729 2229
4727 2227
4728 2228
4730 2230
4731 2231
4736 2236
4734 2234
4733 2233
4735 2235
4738 2238
4737 2237
4744 2244
4742 2242
4741 2241
4740 2240
4743 2243
4746 2246
4745 2245
4747 2247
4748 2248
4853 2353
4803 2303
4776 2276
4762 2262
4756 2256
4753 2253
4751 2251
4750 2250
4752 2252
4754 2254
4755 2255
4760 2260
4758 2258
4757 2257
4759 2259
4761 2261
4769 2269
4766 2266
4764 2264
4763 2263
4765 2265
4767 2267
4768 2268
4773 2273
4771 2271
4770 2270
4772 2272
4775 2275
4774 2274
4788 2288
4781 2281
4779 2279
4778 2278
4777 2277
4780 2280
4785 2285
4783 2283
4782 2282
4784 2284
4787 2287
4786 2286
4796 2296
4792 2292
4790 2290
4789 2289
4791 2291
4794 2294
4793 2293
4795 2295
4799 2299
4798 2298
4797 2297
4801 2301
4800 2300
4802 2302
4828 2328
4815 2315
4808 2308
4806 2306
4804 2304
4805 2305
4807 2307
4811 2311
4810 2310
4809 2309
4813 2313
4812 2312
4814 2314
4821 2321
4817 2317
4816 2316
4819 2319
4818 2318
4820 2320
4825 2325
4823 2323
4822 2322
4824 2324
4827 2327
4826 2326
4840 2340
4835 2335
4831 2331
4829 2329
4830 2330
4833 2333
4832 2332
4834 2334
4838 2338
4836 2336
4837 2337
4839 2339
4847 2347
4844 2344
4842 2342
4841 2341
4843 2343
4845 2345
4846 2346
4849 2349
4848 2348
4851 2351
4850 2350
4852 2352
4911 2411
4881 2381
4867 2367
4861 2361
4857 2357
4855 2355
4854 2354
4856 2356
4859 2359
4858 2358
4860 2360
4865 2365
4863 2363
4862 2362
4864 2364
4866 2366
4875 2375
4871 2371
4869 2369
4868 2368
4870 2370
4873 2373
4872 2372
4874 2374
4879 2379
4877 2377
4876 2376
4878 2378
4880 2380
4896 2396
4888 2388
4884 2384
4882 2382
4883 2383
4886 2386
4885 2385
4887 2387
4892 2392
4890 2390
4889 2389
4891 2391
4894 2394
4893 2393
4895 2395
4903 2403
4899 2399
4897 2397
4898 2398
4901 2401
4900 2400
4902 2402
4907 2407
4905 2405
4904 2404
4906 2406
4909 2409
4908 2408
4910 2410
4969 2469
4939 2439
4926 2426
4919 2419
4915 2415
4913 2413
4912 2412
4914 2414
4917 2417
4916 2416
4918 2418
4922 2422
4921 2421
4920 2420
4924 2424
4923 2423
4925 2425
4933 2433
4930 2430
4928 2428
4927 2427
4929 2429
4932 2432
4931 2431
4937 2437
4935 2435
4934 2434
4936 2436
4938 2438
4954 2454
4946 2446
4942 2442
4940 2440
4941 2441
4944 2444
4943 2443
4945 2445
4950 2450
4948 2448
4947 2447
4949 2449
4952 2452
4951 2451
4953 2453
4962 2462
4958 2458
4956 2456
4955 2455
4957 2457
4960 2460
4959 2459
4961 2461
4966 2466
4964 2464
4963 2463
4965 2465
4968 2468
4967 2467
4983 2483
4976 2476
4972 2472
4971 2471
4970 2470
4974 2474
4973 2473
4975 2475
4980 2480
4978 2478
4977 2477
4979 2479
4982 2482
4981 2481
4990 2490
4986 2486
4984 2484
4985 2485
4988 2488
4987 2487
4989 2489
4993 2493
4991 2491
4992 2492
4997 2497
4995 2495
4994 2494
4996 2496
4998 2498
4999 10000
