5 2
13 14
16 8
14 1
27 16
22 13
4 16
30 2
11 4
3 19
5 16
10 20
7 11
12 17
10 6
13 16
3 15
24 7
17 1
10 11
14 15
4 8
5 15
28 6
16 12
3 16
14 16
4 12
12 12
14 1
18 15
16 16
11 17
21 4
13 14
21 14
8 12
2 9
12 3
9 6
24 2
24 1
26 16
25 14
28 10
20 18
8 3
2 2
22 15
17 10
18 7
3 3
22 4
12 13
7 18
4 6
18 11
20 17
16 13
29 2
23 8
29 4
24 4
29 13
28 8
5 10
3 18
25 5
28 1
12 14
22 19
25 14
3 17
25 1
26 13
11 10
2 19
24 8
12 10
12 11
18 13
20 3
4 5
3 11
2 3
20 7
18 6
9 12
8 6
23 8
14 8
21 15
9 4
8 8
17 8
15 20
15 12
22 9
8 3
17 3
